28.500001
30.124999
30.250001
29.124999
27.50
28.75
29.124999
30.75
30.75
33.000001
34.125
33.375
33.624999
37.375001
37.375001
35.249999
36.625
38.125001
40.750001
41.00
40.875001
41.750001
42.875
44.625
43.999999
42.249999
41.875
42.249999
44.999999
46.50
46.25
45.375
44.50
43.999999
45.375
46.50
46.875001
48.125
46.749999
45.625
46.375
46.749999
45.250001
44.625
43.75
42.374999
43.625
43.00
42.374999
41.374999
42.00
42.00
42.374999
43.00
43.999999
44.50
42.374999
43.124999
43.124999
42.500001
43.75
44.250001
42.249999
41.125
40.375
40.000001
39.624999
39.375
41.625001
42.500001
43.999999
44.999999
45.749999
47.000001
46.50
50.625
51.999999
50.999999
48.625001
50.00
49.500001
50.00
50.500001
49.00
48.499999
51.50
54.875001
55.125
54.375
54.750001
53.375
52.874999
53.125001
51.75
51.874999
52.50
54.125
56.875
57.500001
60.500003
59.999998
59.374997
59.374997
57.75
58.125002
58.499997
61.375003
62.750001
60.624999
59.875002
59.50
59.250001
57.250002
56.00
54.375
57.250002
56.125003
53.375
53.749999
55.374999
53.624999
53.25
50.375001
46.875001
49.125
48.875
49.249999
47.25
47.375
46.749999
46.25
47.499999
46.375
46.125001
46.000001
44.375001
44.250001
43.75
41.25
43.375001
43.75
43.124999
39.125001
36.249999
34.00
34.875
34.499999
34.374999
34.875
33.25
33.875001
34.00
34.374999
34.25
33.750001
33.499999
34.374999
33.875001
33.125
33.499999
33.750001
33.624999
31.874999
30.250001
30.50
30.874999
31.250001
32.875001
37.250001
36.375001
37.999999
39.375
34.625001
31.749999
30.625
30.625
32.000001
31.625
30.124999
29.375001
32.000001
32.125001
31.50
32.50
24.875
23.50
22.875
22.75
23.125
23.125
22.875
22.499999
22.25
20.375001
19.75
19.375
21.125
23.000001
22.75
21.00
19.375
21.50
20.375001
19.874999
21.125
21.250001
20.125
21.125
20.875
22.625
23.000001
23.50
21.875
21.125
21.00
17.875
19.25
19.625
20.00
19.75
19.75
20.00
20.50
20.625
21.50
21.50
20.375001
20.50
21.00
20.749999
20.375001
20.25
19.874999
20.375001
20.50
21.00
21.50
21.624999
21.50
22.499999
23.374999
24.375
24.750001
24.00
23.374999
24.249999
24.750001
24.625
24.750001
25.00
24.375
24.375
25.625001
27.875
28.249999
27.749999
26.25
27.625
28.00
27.875
27.25
27.875
28.625001
28.75
29.00
28.625001
28.875
27.25
27.00
27.625
26.125
24.750001
24.750001
24.625
24.875
24.50
23.25
24.125
23.25
23.625
24.375
24.249999
25.625001
25.124999
25.375
25.00
26.125
27.375001
26.874999
27.125
27.00
25.50
26.25
27.00
27.25
26.75
25.75
26.500001
26.874999
26.375
27.375001
27.00
26.625
26.75
26.625
26.25
25.999999
25.999999
25.50
25.50
25.75
25.00
25.50
25.375
24.750001
24.875
25.00
24.50
24.125
23.50
23.50
24.750001
24.50
25.75
25.75
26.25
27.50
28.00
28.249999
28.374999
27.875
27.625
29.75
30.124999
31.375
33.25
33.000001
31.625
30.124999
31.125001
32.875001
33.125
33.125
32.25
31.625
31.874999
30.50
29.124999
29.75
31.874999
30.874999
30.250001
29.375001
29.500001
29.375001
29.00
29.375001
30.375001
29.625
27.875
29.00
28.75
28.625001
28.625001
29.124999
29.75
28.875
29.00
29.625
29.375001
30.250001
29.00
28.625001
27.25
25.999999
25.25
26.375
26.500001
25.625001
25.25
24.750001
25.124999
26.25
26.874999
26.500001
26.625
26.375
25.75
25.75
25.375
25.375
25.375
25.124999
26.625
26.75
27.25
27.125
25.50
25.50
25.00
24.125
27.375001
29.249999
29.625
28.500001
29.75
28.500001
29.999999
28.875
27.875
28.125
27.50
27.375001
28.500001
28.00
28.125
28.125
27.875
28.249999
27.50
27.00
26.500001
26.25
26.25
26.500001
26.500001
26.375
26.874999
26.125
27.50
27.875
28.625001
27.625
27.00
27.125
26.874999
26.625
26.125
25.75
25.75
25.124999
24.50
24.750001
25.124999
25.375
24.875
24.875
24.625
23.875001
23.75
22.75
24.00
23.875001
24.875
25.625001
25.625001
25.375
25.999999
26.25
25.25
24.625
24.750001
25.00
24.875
25.00
24.875
24.750001
26.25
25.75
24.750001
23.25
24.125
23.50
23.75
23.75
23.25
21.875
22.625
23.125
23.75
24.00
24.625
25.875
25.375
24.750001
24.375
24.875
26.125
27.375001
27.25
26.75
26.375
25.50
25.75
26.375
27.00
28.625001
27.50
27.375001
27.00
27.50
27.625
27.749999
28.75
29.124999
27.875
28.374999
28.374999
28.249999
28.00
28.75
29.999999
29.75
30.625
29.999999
30.250001
28.125
28.625001
29.249999
30.124999
29.625
29.00
29.625
30.250001
29.875
29.875
29.00
28.625001
29.249999
29.500001
29.999999
29.875
29.875
30.50
29.75
28.374999
27.625
28.00
27.625
26.375
26.874999
27.625
27.25
26.75
25.124999
24.750001
24.875
25.25
25.875
24.625
22.125001
21.50
22.25
23.000001
21.75
21.75
22.625
22.875
22.00
22.25
22.625
22.25
21.624999
22.499999
21.875
21.875
22.125001
21.624999
21.00
21.00
20.875
19.625
19.625
21.00
21.375
20.875
21.375
21.624999
22.625
22.875
22.499999
21.624999
22.125001
22.00
22.00
21.875
21.125
21.250001
20.875
19.25
20.00
19.75
20.00
19.874999
20.00
20.25
20.00
19.75
20.00
21.375
21.75
21.375
20.749999
20.625
19.75
18.124999
16.875001
17.125
17.625
17.375
16.000001
17.249999
16.875001
17.00
16.374999
16.125
16.125
15.75
14.875
14.75
14.875
15.25
15.625
15.75
16.125
17.249999
17.50
18.124999
18.375
18.00
18.124999
17.249999
17.50
17.625
17.625
17.625
18.00
18.00
17.875
17.750001
17.50
17.625
17.249999
17.375
16.875001
16.50
16.25
16.625
16.625
16.000001
16.25
15.875
15.875
15.75
15.375
15.25
14.875
15.125001
15.25
15.00
15.25
14.624999
14.50
14.624999
15.00
15.25
15.25
14.875
14.75
15.125001
15.25
15.25
14.875
15.00
14.75
14.875
14.875
15.00
15.25
15.375
15.499999
16.125
15.75
15.25
15.25
16.25
17.00
16.75
16.875001
16.50
15.875
15.875
15.88
15.75
15.75
15.625
15.499999
15.00
15.00
15.125001
15.00
15.875
16.000001
16.625
17.00
18.00
18.25
17.750001
17.249999
18.00
18.00
18.375
18.00
18.00
17.875
18.999999
18.625001
18.625001
18.75
18.625001
19.25
19.625
20.50
20.00
19.874999
19.375
20.00
19.874999
19.874999
19.25
18.999999
18.999999
18.999999
19.125
19.375
20.00
20.125
20.25
20.125
20.50
20.125
19.75
19.375
19.500001
19.75
20.00
20.00
20.875
20.625
22.25
22.499999
22.375
21.875
21.75
21.75
22.375
22.25
22.00
22.25
22.375
22.25
23.000001
22.875
22.625
22.75
23.000001
23.25
23.875001
24.50
24.00
23.875001
24.00
23.374999
23.000001
22.625
22.125001
22.25
23.625
23.000001
23.125
23.875001
23.75
23.75
24.125
24.00
23.875001
23.875001
24.00
23.875001
23.75
23.875001
25.00
25.124999
25.25
25.75
26.375
25.999999
25.625001
25.00
24.625
24.625
25.25
25.375
24.750001
24.625
24.875
24.750001
24.750001
26.125
25.999999
26.874999
26.500001
28.249999
27.625
26.75
27.875
28.249999
28.249999
28.249999
27.25
27.25
27.00
26.75
27.25
27.625
27.125
27.25
27.00
26.874999
27.375001
28.249999
29.00
29.75
30.375001
29.875
29.625
31.375
32.25
32.000001
31.250001
30.250001
30.250001
30.50
32.125001
32.624999
31.50
33.000001
33.375
36.375001
36.00
36.875
36.00
36.00
35.625001
35.374999
36.999999
36.75
36.999999
36.875
37.250001
36.999999
36.999999
37.124999
37.874999
38.749999
38.874999
37.75
36.00
36.00
36.124999
36.00
36.375001
35.875
34.25
34.25
35.00
36.00
34.750001
34.875
35.875
36.249999
35.875
35.875
35.374999
36.124999
37.625
35.625001
34.25
34.625001
35.374999
37.124999
36.249999
34.875
33.499999
32.25
31.749999
33.499999
34.625001
34.125
33.125
34.00
32.375
31.250001
30.50
31.250001
31.375
31.50
32.125001
31.125001
31.749999
31.625
33.499999
34.25
36.00
36.00
35.75
35.374999
35.374999
36.249999
35.75
36.249999
36.375001
36.625
36.999999
37.75
36.999999
34.750001
34.750001
35.500001
35.125
34.750001
35.75
35.00
32.624999
31.749999
33.125
34.875
34.25
34.00
33.624999
35.249999
36.124999
35.125
34.499999
34.25
32.50
33.499999
34.125
34.125
33.750001
34.125
33.000001
32.749999
33.000001
33.25
34.625001
34.00
33.375
33.624999
33.624999
32.875001
32.749999
32.50
33.125
33.000001
34.00
33.375
33.375
34.25
34.625001
35.00
35.75
36.999999
36.124999
35.75
35.374999
35.500001
36.625
35.500001
35.249999
36.375001
35.374999
35.00
35.249999
36.00
37.999999
40.25
40.499999
40.000001
40.125
41.499999
42.75
42.500001
43.75
42.500001
42.374999
43.500001
42.875
41.25
41.750001
42.500001
41.25
41.374999
42.125
42.125
42.125
41.875
41.00
40.499999
41.00
40.499999
40.875001
43.00
43.75
44.75
44.75
45.375
45.50
44.625
48.125
49.875
48.750001
53.125001
51.625
49.00
52.50
50.249999
49.75
52.749999
55.374999
54.125
55.499999
55.875
55.499999
55.00
53.875001
54.000001
52.625
52.749999
56.499998
58.625
62.125
66.374997
63.499998
62.374999
61.25
63.125003
65.499997
69.125
69.125
70.00
67.500003
64.999999
67.624999
68.499999
67.249997
64.624997
66.749999
66.250001
65.249998
63.499998
65.249998
66.999998
66.000002
68.375003
68.25
67.500003
66.250001
66.749999
67.249997
64.999999
62.500002
64.500001
66.749999
71.75
71.75
70.00
67.750002
68.999997
71.000003
70.249999
67.500003
68.000001
71.000003
71.500001
71.124999
74.750002
74.249997
75.999997
74.750002
75.000001
77.00
77.749997
79.249998
80.000002
79.750003
80.250001
80.000002
80.250001
78.999999
77.00
75.499999
78.500001
79.249998
78.250002
75.749998
73.250001
74.500003
74.500003
74.125001
78.000003
79.499997
80.000002
78.999999
77.749997
77.249999
77.749997
78.500001
77.749997
77.749997
78.500001
78.500001
78.999999
78.999999
78.500001
41.499999
40.499999
41.499999
41.00
42.00
41.25
42.00
40.499999
40.499999
40.750001
40.499999
40.000001
40.624999
40.750001
39.25
37.250001
37.75
37.999999
40.499999
43.00
43.999999
43.999999
43.249999
41.750001
41.374999
42.500001
41.750001
42.500001
42.249999
41.875
41.00
41.499999
41.25
40.25
42.249999
43.249999
46.25
46.50
48.25
49.500001
48.750001
49.00
49.00
49.500001
48.750001
50.00
51.75
53.000001
52.250001
51.999999
51.999999
51.999999
51.999999
54.000001
52.50
51.999999
51.250001
50.500001
49.875
52.749999
53.749999
54.499999
53.000001
51.75
51.75
51.999999
51.75
50.249999
54.125
55.25
56.499998
57.500001
55.750001
54.499999
56.499998
58.249998
58.499997
59.250001
55.750001
55.499999
54.25
54.125
53.25
54.499999
53.25
51.999999
48.25
36.500001
34.499999
40.499999
36.75
35.500001
28.00
30.250001
33.499999
39.50
38.625
38.749999
36.249999
36.00
37.999999
37.75
37.250001
36.249999
37.250001
38.749999
37.250001
36.75
35.00
36.249999
34.499999
35.500001
36.249999
36.999999
36.500001
35.00
33.000001
33.25
32.50
30.50
30.75
33.000001
34.499999
35.00
34.750001
34.00
37.250001
37.50
39.25
39.25
40.499999
41.750001
41.499999
42.249999
42.625001
40.25
42.125
43.375001
42.00
44.75
44.625
43.75
44.50
40.000001
42.500001
42.00
42.249999
42.249999
42.875
42.75
42.75
39.749999
40.125
39.25
40.875001
39.749999
39.749999
41.25
41.499999
41.750001
41.25
39.50
39.749999
38.625
38.749999
39.749999
41.00
40.624999
41.00
41.25
41.875
41.750001
41.750001
43.249999
42.75
42.249999
41.750001
41.750001
43.00
43.249999
44.75
46.50
46.875001
46.875001
46.25
46.749999
45.250001
45.749999
46.25
44.999999
46.125001
44.999999
44.75
43.875
43.999999
42.500001
40.875001
40.125
41.499999
41.00
39.50
40.000001
38.749999
39.25
41.750001
40.750001
41.00
41.499999
41.750001
41.25
39.50
39.50
40.000001
40.25
39.749999
39.50
40.125
40.875001
41.499999
41.750001
41.374999
41.00
41.00
41.750001
42.00
41.750001
41.25
40.750001
40.875001
39.50
39.749999
40.499999
41.25
40.499999
39.749999
39.000001
38.749999
37.999999
38.874999
38.50
39.375
39.749999
41.499999
42.500001
41.750001
43.00
43.999999
43.999999
44.999999
43.500001
44.50
44.999999
45.250001
45.749999
44.50
44.75
44.124999
44.874999
45.625
44.999999
44.999999
44.50
46.25
46.375
46.25
46.50
47.25
46.50
45.874999
45.250001
45.125001
44.75
44.75
44.999999
44.999999
45.50
44.75
44.250001
43.00
42.500001
42.75
42.75
42.75
42.625001
44.375001
44.999999
44.625
44.75
44.625
44.250001
43.999999
43.500001
41.875
43.249999
42.500001
41.25
42.500001
42.00
42.500001
40.750001
39.749999
39.50
40.750001
40.125
40.25
40.875001
40.875001
39.875001
38.874999
39.749999
38.874999
38.250001
38.749999
40.499999
41.00
41.00
42.00
41.625001
42.249999
41.750001
41.499999
42.75
43.999999
43.75
42.75
43.375001
43.500001
43.999999
43.249999
42.500001
41.499999
40.875001
39.749999
39.749999
38.50
39.000001
38.749999
39.000001
38.749999
38.50
39.375
40.000001
41.499999
41.00
40.000001
39.875001
39.25
39.000001
38.50
38.625
37.999999
37.250001
37.124999
37.75
37.50
38.50
39.25
39.50
38.50
38.874999
39.000001
37.999999
38.250001
37.999999
36.625
36.124999
36.875
36.500001
36.500001
36.75
37.625
38.749999
39.25
39.50
39.50
39.375
39.125001
39.125001
38.50
38.749999
39.749999
39.50
40.125
40.750001
41.00
41.750001
41.00
41.125
40.499999
40.25
40.499999
40.25
40.375
42.00
42.249999
42.625001
43.00
42.625001
42.125
42.75
43.249999
43.75
40.375
39.749999
40.499999
41.00
41.00
41.625001
41.499999
41.750001
37.625
37.375001
37.75
39.25
39.749999
39.25
38.50
39.000001
38.250001
38.250001
37.250001
36.999999
35.75
36.249999
36.375001
36.75
37.50
36.75
36.75
36.00
36.500001
36.249999
36.00
35.00
34.750001
35.500001
35.75
35.249999
34.499999
35.00
35.00
35.249999
35.00
35.249999
34.875
34.875
34.875
33.875001
34.374999
33.750001
34.00
34.25
34.750001
35.625001
35.00
34.499999
35.00
36.00
37.375001
36.999999
37.75
38.50
38.50
38.749999
39.25
40.125
40.875001
40.750001
40.125
40.125
40.000001
39.749999
39.375
39.000001
39.000001
39.875001
40.25
41.00
41.499999
42.249999
42.500001
43.249999
43.875
44.999999
46.000001
45.375
45.250001
44.75
45.749999
46.000001
45.50
47.750001
48.25
48.499999
47.499999
47.750001
48.750001
49.00
47.000001
46.749999
48.25
47.624999
47.000001
47.499999
48.499999
49.625001
47.499999
44.50
43.999999
43.00
42.500001
43.249999
43.875
43.500001
42.625001
41.750001
40.624999
41.25
40.750001
40.499999
41.25
41.25
40.499999
39.749999
40.000001
40.624999
40.750001
40.750001
39.25
40.499999
40.000001
40.000001
39.25
38.749999
38.250001
39.25
39.375
39.749999
39.875001
40.499999
41.25
42.75
43.75
44.124999
43.999999
43.249999
41.875
40.750001
41.374999
40.375
41.00
42.249999
42.249999
42.875
43.75
44.124999
44.75
44.75
44.124999
44.50
44.50
44.625
44.75
44.75
44.75
44.999999
45.749999
46.000001
44.999999
44.75
44.999999
43.999999
43.249999
44.625
44.75
44.874999
45.250001
45.250001
44.75
45.50
44.50
44.375001
43.625
44.250001
45.50
48.125
49.500001
49.500001
48.875
48.750001
45.749999
46.749999
47.25
48.25
48.750001
48.00
46.749999
47.624999
46.50
45.250001
45.250001
45.749999
46.50
46.125001
43.999999
43.249999
43.249999
43.999999
44.999999
46.000001
46.749999
46.50
44.75
44.250001
44.75
44.75
45.250001
45.250001
44.75
44.75
43.999999
44.124999
43.999999
44.250001
43.999999
45.250001
44.999999
42.75
42.75
41.750001
39.25
36.00
36.00
34.875
33.750001
34.750001
35.00
35.75
36.249999
36.500001
35.500001
35.125
34.625001
35.249999
37.250001
37.50
37.625
37.75
37.999999
37.625
36.00
34.499999
34.499999
34.25
34.875
33.25
32.375
34.25
33.25
33.750001
34.00
34.125
32.749999
33.25
34.00
34.00
33.624999
34.25
35.00
34.750001
33.25
33.000001
34.25
34.00
34.499999
34.25
34.25
33.750001
33.499999
34.00
33.000001
33.25
34.00
33.499999
34.00
34.25
33.750001
34.499999
35.249999
35.374999
36.75
36.875
36.625
36.875
36.999999
36.75
40.25
42.374999
41.374999
41.625001
40.750001
42.249999
42.249999
42.00
41.25
41.125
40.25
40.25
41.750001
41.25
40.25
39.875001
41.125
41.25
42.500001
43.249999
43.75
43.249999
43.249999
40.25
40.25
39.749999
38.749999
38.749999
38.874999
39.125001
39.375
39.624999
39.749999
40.000001
40.000001
41.499999
41.750001
41.875
41.374999
42.625001
41.750001
41.750001
41.625001
41.499999
39.749999
39.50
41.374999
42.00
42.00
40.000001
41.00
41.374999
41.25
40.750001
40.750001
39.50
39.50
39.000001
38.250001
39.000001
40.499999
39.749999
39.749999
39.50
39.25
39.624999
40.000001
41.875
41.499999
41.25
40.624999
41.499999
43.00
44.75
43.999999
43.999999
43.500001
44.75
46.624999
47.000001
47.000001
47.375
46.749999
45.625
44.250001
44.625
41.750001
41.00
41.499999
42.125
42.249999
41.374999
41.374999
42.374999
42.00
42.374999
43.500001
41.25
39.50
39.50
40.125
39.50
38.749999
39.875001
39.749999
39.25
38.50
36.500001
36.75
36.249999
35.125
34.499999
35.500001
37.75
38.125001
37.250001
36.249999
36.999999
36.999999
36.00
35.75
36.375001
35.75
34.00
34.00
33.750001
34.00
33.750001
33.375
32.50
31.625
31.50
30.250001
29.999999
29.75
28.249999
29.00
30.50
29.625
27.00
28.00
28.00
29.124999
28.00
26.500001
27.749999
28.249999
27.749999
25.00
26.500001
28.500001
31.375
31.125001
30.999999
30.50
29.999999
29.999999
29.875
30.375001
30.75
30.50
31.749999
33.25
33.499999
33.25
34.499999
35.500001
36.249999
36.00
36.999999
36.00
35.125
36.375001
35.500001
36.124999
36.375001
36.75
37.50
36.75
36.75
36.75
38.125001
38.50
40.125
41.25
42.500001
41.750001
40.000001
39.624999
40.750001
39.875001
40.125
42.249999
41.875
43.999999
44.999999
43.999999
43.75
43.500001
43.00
43.00
43.500001
43.00
43.249999
43.249999
43.249999
45.250001
47.125
47.000001
46.25
46.749999
49.75
51.250001
50.249999
50.75
51.250001
51.75
52.125001
53.50
54.499999
53.749999
55.499999
55.499999
55.750001
55.25
57.75
56.875
57.75
59.875002
61.375003
59.999998
59.999998
57.124999
57.624997
59.999998
61.000001
59.000002
59.749999
57.999999
58.249998
58.249998
57.250002
57.75
58.375001
63.125003
63.00
67.249997
64.999999
63.499998
62.874997
66.250001
65.249998
66.250001
67.750002
69.500002
67.750002
64.75
63.249999
64.500001
70.00
69.250003
68.000001
68.499999
72.750003
70.00
71.500001
69.374999
70.00
68.749998
66.875002
71.000003
71.75
62.250003
64.250002
63.249999
61.000001
59.625003
61.499999
61.499999
60.750002
58.499997
58.625
58.249998
55.00
47.25
49.00
49.00
50.249999
50.625
49.75
50.75
51.250001
52.749999
53.50
50.500001
49.00
47.000001
44.250001
45.250001
46.25
45.125001
45.874999
46.000001
47.000001
47.624999
47.000001
49.249999
49.125
48.00
46.624999
46.125001
46.000001
44.625
42.374999
42.125
41.125
42.00
42.125
41.750001
42.00
42.00
41.750001
42.374999
43.00
42.500001
41.499999
42.500001
42.249999
43.124999
45.625
46.749999
46.875001
47.25
46.749999
46.749999
45.50
43.75
42.500001
44.874999
46.000001
46.000001
44.999999
44.999999
45.250001
44.874999
45.50
46.50
46.25
49.125
50.00
48.499999
49.500001
50.375001
50.500001
50.75
51.75
53.50
54.875001
53.25
53.25
50.500001
50.999999
53.749999
54.25
53.000001
53.000001
54.000001
53.25
53.000001
53.000001
52.50
51.50
50.999999
51.50
53.25
50.124999
50.500001
50.625
48.625001
47.25
49.00
50.124999
49.75
50.625
49.500001
50.249999
50.500001
50.00
49.00
49.500001
50.75
49.75
47.750001
48.25
48.125
48.25
48.00
47.750001
48.499999
49.875
52.50
53.50
52.375
55.00
54.750001
54.499999
53.125001
52.125001
51.250001
51.50
51.75
49.75
51.50
50.999999
49.75
48.750001
48.00
49.75
53.25
53.749999
54.499999
54.125
54.750001
50.00
52.125001
51.250001
50.500001
50.999999
51.250001
51.250001
51.50
50.999999
50.75
51.75
50.500001
50.500001
50.00
48.750001
49.125
49.125
49.00
49.374999
50.375001
50.500001
50.500001
51.75
50.75
50.249999
51.50
52.250001
54.875001
55.00
56.749997
56.375002
59.50
59.000002
57.999999
59.124998
60.500003
62.250003
62.250003
61.999997
64.500001
63.499998
62.750001
64.75
64.000003
61.124997
63.499998
64.500001
64.624997
64.500001
65.249998
63.249999
63.749997
64.75
65.750003
65.750003
66.124998
64.124999
64.000003
63.125003
62.874997
65.249998
64.250002
64.124999
62.750001
61.999997
64.624997
64.999999
66.124998
68.499999
69.874997
68.499999
67.500003
67.249997
66.374997
64.999999
63.499998
64.000003
63.749997
63.749997
63.249999
62.750001
63.125003
63.375002
62.874997
63.749997
63.00
63.249999
63.00
64.999999
64.500001
64.000003
61.000001
58.125002
58.249998
59.000002
58.750003
59.000002
60.750002
57.250002
55.875
57.250002
55.499999
56.499998
58.750003
60.500003
59.000002
56.749997
56.249999
57.624997
57.000003
56.499998
55.750001
54.25
57.000003
60.125001
59.250001
60.500003
60.500003
61.749998
60.750002
61.999997
62.250003
62.250003
62.750001
61.375003
60.624999
60.375
59.374997
59.999998
59.124998
59.50
59.250001
60.249997
59.50
59.749999
57.500001
56.499998
54.125
54.499999
54.875001
54.25
54.000001
53.749999
53.875001
54.624999
52.625
49.249999
47.499999
45.250001
44.75
44.250001
45.250001
46.000001
45.625
45.250001
46.749999
48.00
49.00
46.25
46.25
44.250001
45.749999
45.874999
45.749999
47.000001
47.499999
48.00
48.750001
44.999999
44.75
45.749999
44.250001
44.75
45.874999
45.250001
46.50
47.25
47.25
46.749999
45.749999
45.50
44.75
43.999999
43.375001
44.124999
43.500001
44.124999
44.75
44.75
44.75
44.75
44.50
44.75
44.625
43.249999
44.375001
44.250001
44.50
44.999999
46.000001
46.50
48.499999
47.750001
47.25
47.750001
49.00
49.249999
47.624999
49.500001
48.25
47.000001
46.000001
46.50
46.50
45.749999
47.499999
46.25
45.50
44.75
44.874999
45.125001
44.250001
43.75
43.500001
44.75
43.75
43.500001
43.375001
43.999999
45.375
46.000001
45.50
49.00
49.00
49.125
48.499999
48.750001
48.750001
51.50
51.50
52.250001
53.25
52.50
52.250001
51.999999
52.50
55.00
55.750001
55.25
56.249999
56.749997
56.875
56.249999
57.374998
55.25
57.75
58.249998
57.500001
56.749997
57.500001
56.499998
56.499998
57.500001
58.249998
57.250002
57.500001
56.875
57.75
58.125002
57.624997
57.250002
57.500001
57.250002
56.375002
55.00
56.875
58.249998
59.625003
60.624999
59.749999
59.000002
59.50
59.625003
58.750003
59.749999
58.249998
59.250001
61.749998
61.000001
62.250003
64.124999
61.499999
63.499998
64.999999
60.249997
59.50
59.749999
59.999998
59.999998
59.50
59.999998
60.750002
60.249997
59.875002
59.50
61.25
60.249997
59.999998
59.50
57.250002
56.499998
56.875
55.750001
55.125
53.875001
53.000001
53.875001
55.00
55.00
55.125
54.25
53.624999
54.750001
53.000001
53.25
54.25
54.624999
55.00
55.00
56.499998
56.749997
56.749997
56.875
56.249999
57.000003
56.499998
55.125
54.499999
53.749999
53.25
52.749999
53.749999
54.750001
53.25
50.999999
52.250001
51.50
51.75
50.124999
50.00
48.750001
50.500001
49.75
50.00
48.499999
48.750001
47.25
48.125
48.499999
50.00
49.625001
50.00
49.249999
49.00
50.249999
51.375001
50.75
51.250001
51.874999
53.375
54.499999
53.749999
54.750001
55.00
54.499999
53.25
55.499999
55.499999
55.750001
55.499999
57.250002
58.750003
57.500001
57.624997
56.375002
57.75
57.500001
56.625001
57.000003
57.000003
56.375002
54.875001
50.75
49.500001
44.250001
44.50
43.75
44.625
42.00
42.249999
41.25
41.00
39.624999
41.374999
40.499999
41.750001
40.000001
40.125
39.000001
39.50
37.999999
38.50
37.75
36.500001
36.500001
36.75
37.999999
37.250001
37.250001
35.75
27.50
25.625001
26.874999
26.25
26.500001
26.25
26.874999
26.500001
26.874999
27.25
27.749999
28.500001
29.00
30.250001
29.500001
29.249999
29.75
28.500001
27.50
26.500001
27.375001
27.50
28.374999
28.500001
27.50
28.00
28.374999
28.00
27.25
26.874999
26.500001
25.999999
26.500001
26.125
25.75
25.75
26.25
26.75
25.999999
26.25
25.25
24.249999
24.50
24.750001
25.25
24.875
24.50
25.50
24.750001
25.00
24.750001
24.750001
23.875001
23.374999
22.75
22.75
23.50
23.625
23.000001
22.625
23.75
24.00
24.00
23.75
28.249999
28.374999
27.749999
27.749999
30.250001
30.250001
29.999999
29.75
31.749999
30.999999
30.75
31.50
32.749999
31.625
32.25
31.874999
30.75
30.124999
30.75
31.375
31.749999
32.000001
34.00
33.499999
33.499999
33.000001
32.50
33.000001
33.000001
32.624999
31.749999
31.50
31.50
31.749999
31.50
32.25
32.25
31.874999
29.999999
28.249999
29.500001
29.124999
29.75
29.375001
29.500001
28.500001
27.50
28.00
27.25
28.500001
29.124999
28.500001
29.75
29.249999
29.875
31.50
33.750001
32.749999
33.125
33.624999
31.874999
30.50
30.625
30.999999
30.375001
29.375001
29.249999
29.875
33.375
35.00
33.875001
33.499999
34.125
34.00
32.749999
33.25
33.000001
33.499999
33.499999
36.500001
35.75
36.249999
36.500001
36.999999
36.999999
37.124999
36.75
36.999999
36.249999
37.250001
37.250001
36.625
36.00
36.500001
36.249999
35.625001
35.75
36.75
37.874999
36.999999
37.50
37.250001
37.250001
38.125001
37.625
36.75
36.500001
36.375001
35.500001
35.00
35.125
34.625001
32.749999
33.25
32.749999
32.50
33.25
33.25
33.499999
33.499999
33.375
33.499999
33.499999
32.000001
31.749999
31.50
30.250001
29.625
29.00
28.249999
29.625
29.75
30.999999
31.250001
30.250001
29.999999
30.999999
30.250001
33.000001
32.875001
32.312499
31.250001
30.999999
30.250001
29.687499
29.999999
29.500001
29.375001
30.625
32.125001
31.0625
30.50
30.75
31.250001
30.50
29.937501
29.249999
28.249999
27.375001
27.625
27.375001
27.50
26.125
27.00
26.500001
27.00
27.0625
27.812501
26.375
26.500001
27.125
25.999999
26.25
25.124999
25.609299
26.25
26.75
26.125
26.500001
25.75
26.500001
26.125
26.8125
27.0625
27.00
28.374999
29.687499
28.625001
28.249999
28.374999
27.6875
26.625
28.00
30.999999
31.687501
31.375
31.0625
31.874999
33.6875
33.375
32.562501
33.125
33.25
33.25
33.750001
33.624999
34.625001
34.312501
34.750001
34.625001
34.750001
35.00
34.625001
34.875
34.875
35.00
34.875
35.062501
35.75
35.374999
36.249999
36.1875
35.00
35.374999
35.5625
36.124999
36.124999
35.75
35.75
35.812499
35.125
36.00
36.375001
35.500001
34.5625
34.125
33.875001
33.937499
33.937499
33.875001
33.875001
34.125
33.6875
33.125
33.750001
37.874999
36.249999
36.999999
38.874999
39.624999
42.125
41.125
41.125
39.749999
41.25
41.25
41.00
42.625001
42.249999
42.625001
43.249999
42.75
42.125
43.1875
43.124999
41.374999
41.499999
40.375
40.750001
42.249999
41.625001
41.312501
41.125
42.500001
41.374999
40.937499
40.000001
40.000001
38.125001
37.375001
36.875
37.75
37.812501
38.250001
37.250001
36.1875
36.562499
37.1875
37.562499
36.625
35.875
36.249999
36.500001
36.375001
37.874999
37.124999
37.250001
39.125001
38.50
38.375
38.625
38.874999
39.125001
39.125001
39.50
39.000001
38.375
39.375
38.874999
42.00
41.203099
43.687499
46.749999
45.375
44.874999
44.50
44.999999
45.625
45.874999
42.625001
42.249999
41.625001
40.984299
39.50
39.875001
40.125
40.375
40.125
41.625001
40.499999
40.499999
40.8125
42.3125
43.625
43.75
43.75
42.937501
42.5625
43.1875
42.500001
41.00
40.8125
40.187499
39.000001
38.250001
39.50
40.000001
40.000001
40.25
39.749999
38.312499
39.562501
39.749999
39.50
38.125001
35.00
35.00
35.249999
35.125
35.249999
36.249999
38.0625
37.124999
37.75
37.1875
34.374999
34.374999
35.374999
35.249999
35.500001
33.875001
34.750001
36.75
36.75
36.625
37.75
39.000001
38.250001
38.375
37.50
36.375001
37.625
39.125001
39.000001
37.75
38.250001
37.874999
38.250001
38.250001
38.125001
38.125001
38.50
38.874999
40.499999
41.25
41.4375
41.00
43.625
43.625
43.75
43.999999
43.375001
42.75
44.124999
43.875
43.500001
43.375001
42.687499
42.00
41.5625
42.187501
42.125
43.500001
43.999999
43.124999
42.937501
43.500001
44.171799
43.999999
43.625
43.625
43.875
44.375001
47.375
49.374999
49.125
48.750001
48.125
46.375
46.624999
47.25
46.437501
46.9375
46.50
47.000001
48.625001
48.625001
47.125
47.000001
47.624999
48.750001
49.00
48.125
45.50
47.062499
43.75
45.375
45.749999
45.375
46.8125
45.50
44.999999
43.500001
44.375001
44.999999
44.250001
43.375001
42.500001
43.124999
42.75
43.062501
43.375001
44.0625
44.50
44.625
44.874999
44.124999
44.75
45.50
45.749999
44.75
43.00
43.124999
43.375001
43.00
42.937501
43.500001
43.75
44.75
44.75
44.250001
42.937501
42.374999
40.000001
35.875
36.687499
36.75
36.625
36.999999
37.0625
37.515602
37.375001
36.249999
37.75
37.250001
37.625
37.625
36.375001
36.500001
35.687499
34.812499
34.6875
34.875
35.3125
36.00
36.124999
36.625
37.375001
34.750001
35.125
35.125
35.125
34.750001
34.875
34.750001
35.249999
36.3125
36.625
36.625
36.500001
38.125001
39.624999
38.874999
39.375
39.749999
40.875001
41.499999
41.00
39.9375
40.125
38.625
38.625
38.625
40.187499
39.375
40.000001
39.25
38.125001
37.625
39.50
39.50
38.749999
38.562501
39.375
38.625
37.999999
38.375
38.250001
35.249999
32.25
32.749999
32.624999
32.50
32.25
32.0625
32.375
32.000001
31.874999
32.125001
32.125001
31.562501
34.25
34.625001
32.749999
34.25
35.00
33.875001
34.125
34.5625
34.00
31.9375
29.875
30.50
31.625
32.25
30.250001
30.625
29.124999
27.312499
27.625
28.374999
29.249999
29.249999
29.625
28.249999
27.875
27.749999
28.374999
28.125
27.625
28.00
27.50
29.00
29.625
29.875
29.875
29.500001
28.625001
27.749999
27.50
26.874999
26.25
26.625
26.1875
25.8125
25.999999
25.875
25.8125
25.75
25.625001
25.875
26.125
25.75
25.25
25.124999
25.375
24.00
23.875001
25.25
24.1875
24.5625
25.50
25.00
24.5625
24.125
24.375
25.999999
25.999999
25.75
25.50
25.75
25.875
25.25
24.750001
25.0625
25.124999
24.750001
24.249999
24.875
24.750001
24.750001
24.375
24.375
23.75
23.875001
25.625001
26.874999
26.75
26.125
27.25
27.0625
27.50
28.500001
28.374999
27.625
27.9375
27.125
26.062501
26.25
26.75
26.375
24.875
25.50
26.125
24.750001
24.1875
25.124999
24.249999
24.375
24.125
24.00
24.249999
24.625
23.9375
23.625
22.75
23.125
22.75
22.625
22.25
20.625
19.874999
20.625
21.00
21.50
21.00
19.375
19.500001
19.125
18.999999
18.75
17.875
18.0625
17.1875
16.875001
16.875001
20.875
20.749999
20.25
20.50
20.812501
21.00
22.00
22.25
21.375
22.00
21.250001
21.624999
21.00
21.50
22.375
22.125001
23.125
23.000001
22.499999
22.75
22.25
22.499999
23.625
23.50
23.000001
23.25
23.875001
24.125
24.859301
24.875
24.50
24.249999
24.125
24.125
22.875
23.000001
22.00
21.50
21.125
20.375001
21.00
22.375
23.000001
23.50
23.374999
22.875
22.375
22.499999
22.375
22.375
22.3125
22.1875
24.625
23.625
22.375
22.8125
23.125
23.25
23.000001
24.1875
24.249999
25.25
25.25
25.75
26.375
26.5625
25.625001
24.875
24.750001
24.750001
24.50
24.50
23.25
22.875
23.000001
24.249999
24.375
25.50
25.50
25.875
26.25
25.999999
25.25
25.562499
25.625001
25.00
24.750001
24.875
25.00
24.50
25.25
25.00
24.249999
24.50
24.125
25.124999
25.124999
25.00
25.00
25.124999
25.00
24.50
24.00
23.875001
23.25
22.625
22.499999
23.125
22.25
23.50
23.25
23.125
23.000001
23.125
21.75
20.875
21.00
21.75
17.875
17.50
17.625
17.750001
18.25
18.124999
17.875
17.249999
16.75
16.75
16.9375
17.249999
17.1875
17.249999
16.875001
16.625
16.625
16.625
16.75
16.625
16.3125
15.375
15.25
16.000001
15.8125
15.625
15.6875
15.75
16.125
16.3125
17.875
17.625
17.00
16.374999
16.625
16.875001
17.125
17.00
16.25
16.125
16.50
17.00
16.625
16.50
16.625
16.374999
16.25
16.374999
16.5625
16.50
16.25
16.125
17.249999
16.625
16.50
16.50
16.75
18.625001
18.25
17.50
18.00
18.875
19.25
19.500001
19.125
18.999999
18.875
18.25
18.75
18.4375
18.562499
18.999999
18.375
18.00
18.50
18.124999
17.875
17.50
17.625
17.687499
17.00
17.00
17.00
17.00
16.875001
16.50
17.00
17.0625
17.5625
17.5625
17.687499
17.750001
17.249999
17.00
17.249999
16.875001
16.625
16.875001
17.249999
17.00
16.625
16.625
16.9375
16.6875
16.625
16.6875
16.75
16.625
16.25
16.3125
16.0625
15.8125
15.499999
16.3437
15.937499
15.75
15.562501
15.375
15.3125
15.125001
14.687501
14.687501
14.250001
13.1875
13.0625
13.6875
13.8125
13.75
13.6875
13.25
15.1875
15.625
15.937499
16.437501
17.50
17.3437
16.156199
16.5625
16.125
15.8125
16.25
16.437501
16.50
17.375
17.50
19.1875
19.75
19.75
26.3125
29.1875
26.8125
24.5625
22.062499
23.625
23.000001
23.25
23.625
24.4375
24.625
24.00
23.625
23.0625
22.25
22.6875
22.00
21.75
22.375
22.499999
22.499999
22.1875
21.50
21.8125
22.937499
22.375
22.062499
21.50
21.9375
21.8125
22.3125
21.9375
22.8125
21.75
21.50
21.125
21.3125
22.062499
21.687501
21.5312
21.9375
22.125001
21.9375
21.8125
21.50
21.75
22.6875
22.6875
22.6875
23.812499
21.50
20.125
18.6875
19.062501
18.562499
17.750001
16.5625
16.75
18.124999
17.50
16.50
17.031199
17.375
17.9375
18.375
18.999999
19.75
18.6875
18.375
17.625
18.00
18.4375
18.50
18.0625
18.25
18.50
18.187501
17.625
17.375
17.50
17.750001
17.750001
15.875
15.75
15.625
15.8125
15.562501
15.25
14.75
14.5625
14.125
13.9375
14.3125
13.9375
13.8125
13.6875
13.3125
12.9375
13.125
13.3125
13.125
13.1875
13.125
16.25
15.875
18.9375
17.50
18.187501
18.187501
18.25
19.500001
19.75
19.1875
18.8125
19.062501
18.9062
19.25
19.500001
19.437499
19.125
19.1875
18.50
18.3125
17.687499
18.3125
18.25
18.3125
18.50
19.1875
19.437499
18.999999
19.375
19.500001
19.625
20.5625
20.4375
20.00
21.250001
21.3125
22.3125
23.50
23.625
22.75
23.125
24.4375
24.0625
24.4375
22.75
24.0625
26.125
27.00
27.125
26.6875
26.3437
26.937501
26.75
26.375
26.125
28.00
27.156201
26.5625
26.937501
27.4375
27.50
27.50
27.312499
27.0625
26.25
25.50
25.00
25.625001
26.437499
26.937501
27.4375
28.625001
27.9375
29.00
29.00
27.50
27.6875
27.9375
27.749999
26.937501
27.00
27.375001
28.00
29.062501
29.687499
30.3125
30.1875
30.437499
30.9375
30.124999
30.437499
30.0625
29.562499
28.500001
29.375001
29.562499
28.875
27.875
26.6875
26.75
27.4375
26.625
26.25
26.874999
26.3125
26.8125
26.874999
27.25
28.249999
28.062501
27.812501
28.125
27.50
28.00
28.125
27.312499
27.0625
27.375001
27.812501
28.249999
28.5625
28.187501
28.687499
28.687499
29.937501
29.00
30.375001
30.50
32.562501
31.687501
32.0625
33.937499
33.437501
34.4375
37.50
36.875
36.249999
35.625001
35.00
34.937499
34.6875
34.4375
33.624999
35.125
36.500001
34.625001
35.125
34.187501
36.00
36.875
36.500001
37.9375
39.000001
40.062499
39.437501
40.499999
41.937499
42.5625
41.00
40.624999
43.00
41.187501
40.8125
40.375
37.50
34.187501
31.1875
34.125
35.5625
34.625001
35.125
38.250001
37.375001
38.125001
37.625
37.1875
38.1875
37.3125
36.00
36.75
36.937501
36.999999
38.312499
38.50
38.749999
39.0625
39.50
38.125001
35.687499
35.062501
32.187499
32.562501
31.9375
30.812501
35.125
37.437499
38.749999
37.375001
36.625
36.687499
37.50
36.062501
37.124999
36.75
35.500001
37.437499
35.249999
36.812501
36.4375
37.124999
37.625
37.812501
38.687501
38.1875
38.0625
36.625
35.125
33.5625
34.00
35.687499
36.00
34.812499
35.4375
35.75
35.3125
36.249999
35.937501
35.125
35.062501
31.9375
34.125
36.00
33.6875
32.749999
33.750001
32.0625
32.000001
32.000001
33.750001
32.50
33.5625
32.8125
33.437501
35.187501
35.062501
37.999999
39.8125
39.25
40.875001
40.8125
40.062499
40.937499
41.25
43.3125
41.750001
44.999999
44.999999
45.874999
46.125001
46.50
41.374999
41.312501
40.875001
40.5625
38.8125
38.749999
39.375
40.499999
40.125
40.875001
41.187501
40.937499
39.187499
40.187499
37.874999
36.3125
37.75
37.1875
38.312499
39.624999
37.687501
38.312499
36.999999
36.00
37.1875
38.437499
38.437499
37.437499
36.937501
34.812499
33.750001
34.625001
34.187501
33.437501
33.187499
34.374999
34.125
32.562501
32.187499
33.187499
34.062499
35.500001
34.062499
35.500001
33.499999
35.062501
33.000001
33.6875
33.8125
33.25
35.374999
35.875
35.937501
36.062501
37.0625
37.999999
37.124999
36.875
36.75
36.249999
34.625001
35.5312
35.75
35.4375
33.875001
34.062499
34.374999
36.375001
39.187499
40.937499
45.749999
44.0625
43.00
46.000001
49.5625
46.50
47.000001
44.50
45.874999
45.250001
44.75
46.50
46.187499
44.375001
44.375001
45.250001
45.1875
42.500001
43.937501
41.937499
41.499999
44.0625
43.500001
44.0625
44.812501
46.562501
47.437501
48.125
48.937499
47.6875
48.4375
48.125
46.437501
45.437499
46.0625
47.937499
46.375
47.125
46.50
45.375
43.687499
42.3125
42.187501
42.5625
45.375
46.312499
45.312499
46.312499
47.375
49.875
54.499999
55.625001
54.499999
53.6875
55.937499
53.25
53.0625
54.437501
52.874999
54.062499
52.375
53.312499
50.937501
53.6875
54.375
53.875001
55.6875
55.750001
55.25
53.8125
54.750001
54.125
54.437501
55.374999
59.687501
59.999998
60.062503
60.500003
60.312502
60.125001
58.750003
59.187503
60.750002
60.375
61.375003
62.125
64.75
62.062502
65.249998
68.625002
70.562503
73.50
76.374999
74.500003
75.562497
77.4375
75.000001
77.812502
75.375003
76.812499
76.937502
79.062497
69.250003
70.312497
63.312497
64.937501
61.312498
59.625003
59.0625
63.312497
61.718702
64.562499
67.937503
67.187499
66.374997
65.562502
66.687501
67.687497
64.031199
73.187503
74.562501
73.250001
68.499999
75.124997
76.125
73.9375
74.500003
75.062499
76.374999
77.875
80.124998
77.625001
80.250001
81.500003
83.624998
88.312502
96.375003
89.625002
91.4375
92.250002
90.624998
89.437501
91.187501
90.250003
89.625002
92.437503
90.624998
92.812498
94.687501
95.062503
94.562498
97.874997
103.062499
110.187502
115.000002
115.999998
117.812496
110.062499
105.249999
103.000001
99.000003
94.875002
96.999997
98.312497
99.999999
98.00
102.500003
99.937501
103.499999
99.3125
98.187501
100.687498
100.312503
102.8125
111.937502
102.500003
103.999997
94.999998
99.500001
97.750001
92.75
87.187503
96.749998
100.437499
103.937499
106.562499
113.499994
111.312501
106.250002
112.250006
110.187502
110.000001
101.625003
103.749998
100.249998
98.812502
103.312498
108.000002
114.062504
114.875006
112.624994
113.499994
108.749999
115.812504
119.00
114.125002
114.875006
111.250003
113.812498
116.250004
115.203104
110.375003
113.250002
114.625
130.312502
122.000002
128.000006
125.687496
122.875002
122.000002
122.249994
125.749994
121.312496
114.249998
116.250004
121.562502
125.000004
122.999998
134.937494
144.187506
141.3125
138.6875
139.5625
139.125
135.937504
125.749994
135.812494
133.312504
127.3125
130.375
125.187498
131.749998
125.000004
119.4375
109.249997
113.812498
111.874997
123.874998
126.875
121.125002
118.875004
120.499994
128.312496
121.312496
126.750004
124.062506
124.312498
117.874994
115.0625
110.6875
113.125006
110.124997
105.4375
99.3125
102.8125
107.625
101.000002
105.687499
101.374997
100.750003
94.000002
89.937499
85.812498
87.687501
87.265602
86.375001
87.562498
84.00
89.124997
92.562499
91.312497
92.875003
96.562497
94.812497
95.750002
91.187501
94.50
90.437497
92.374998
91.187501
96.625002
101.250001
55.625001
53.749999
51.687501
54.125
51.75
54.437501
51.250001
52.375
53.312499
51.625
51.812501
54.437501
57.124999
56.937498
58.874999
56.499998
57.687502
58.312503
57.250002
52.687501
55.125
53.562501
48.6875
50.062501
50.062501
51.999999
48.312501
50.812501
49.3125
47.25
48.00
47.375
47.937499
46.749999
47.499999
47.5625
47.6875
47.062499
46.6875
48.499999
51.437499
50.00
50.500001
51.687501
54.312501
56.109302
56.812502
58.062497
59.187503
59.50
60.937503
63.4375
62.437497
58.437499
61.999997
58.874999
58.437499
57.75
57.999999
56.859299
55.234302
60.656201
59.9375
61.046798
56.687499
52.1875
53.50
51.437499
48.937499
53.50
25.75
24.249999
22.3125
23.625
22.062499
22.1875
21.75
20.875
19.625
20.00
22.062499
21.50
20.125
20.125
18.9375
19.500001
20.375001
18.875
18.50
18.50
18.562499
19.3125
19.5625
20.50
22.3125
22.25
21.4375
21.3125
20.0625
20.1875
19.062501
19.375
20.25
19.874999
18.999999
18.50
18.9375
18.8125
18.50
19.3125
18.6875
18.0312
17.5625
16.50
17.0625
16.6875
17.00
14.3125
14.3125
15.062499
15.1875
15.375
15.00
14.4375
14.0625
14.250001
14.00
14.375
14.0625
15.00
14.687501
14.8125
14.8125
14.875
14.875
16.374999
17.0625
16.374999
16.5625
17.1875
16.5625
18.00
17.1875
17.125
16.812499
18.6875
19.500001
19.25
20.50
20.50
19.937501
19.5625
21.687501
21.75
21.624999
21.125
20.625
20.1875
21.125
20.749999
20.749999
19.125
19.6875
19.125
19.500001
20.0625
18.999999
18.3125
18.875
18.8125
18.8125
19.500001
19.375
18.25
18.75
19.25
20.375001
21.50
21.250001
20.812501
20.25
18.625001
19.5625
20.4375
19.6875
19.625
20.5625
19.6875
20.125
21.624999
23.000001
21.779999
22.869999
22.17
22.53
22.069999
21.59
20.239999
19.500001
20.87
20.590001
20.539999
22.04
21.80
22.420001
21.44
20.40
22.789999
25.72
25.040001
24.249999
24.029999
24.72
24.689999
26.200001
25.489999
25.929999
26.589999
24.960001
25.75
24.960001
24.57
23.98
23.000001
22.850001
23.290001
23.18
24.099999
23.55
23.529999
23.56
23.50
23.229999
23.20
22.76
21.470001
19.78
19.949999
20.890001
20.660001
20.94
20.73
21.66
21.320001
20.04
20.309999
20.47
19.879999
20.440001
20.33
20.19
21.67
22.490001
22.26
23.99
23.75
23.34
23.54
23.25
23.90
23.84
23.19
22.03
22.700001
21.14
22.54
24.36
24.85
23.959999
25.10
20.79
19.96
19.98
19.54
19.09
18.470001
18.59
18.96
18.929999
18.789999
19.060001
19.82
19.500001
19.130001
19.25
18.90
19.05
19.02
19.09
18.73
18.44
18.65
18.07
18.119999
17.92
18.21
17.81
18.569999
18.920001
18.400001
17.829999
17.829999
18.550001
18.25
18.550001
17.72
17.28
17.37
16.99
16.28
17.020001
15.68
15.73
16.449999
15.54
15.15
15.51
15.51
15.54
15.050001
14.980001
15.88
16.140001
16.20
16.000001
16.819999
17.74
18.01
17.99
18.01
16.99
18.00
18.30
19.02
18.14
18.95
19.19
18.67
17.63
17.600001
17.56
18.59
18.569999
19.069999
19.570001
19.589999
18.709999
18.709999
18.75
19.369999
19.61
19.45
18.97
20.00
19.53
19.68
19.84
21.37
21.00
20.529999
20.42
21.30
21.049999
22.40
23.76
22.780001
22.54
22.54
21.779999
21.49
21.00
20.389999
20.62
21.01
21.619999
20.670001
21.00
21.36
21.49
22.069999
22.429999
21.900001
23.299999
23.580001
23.69
22.90
22.61
21.65
21.23
21.049999
21.15
21.699999
20.78
22.48
22.17
21.82
23.02
23.210001
23.25
23.27
23.070001
24.090001
24.72
24.41
25.349999
25.45
24.670001
24.30
24.029999
24.979999
24.71
25.01
24.600001
23.90
22.62
23.13
21.50
22.74
23.809999
23.669999
21.96
21.699999
23.449999
24.29
23.529999
24.07
24.380001
24.66
25.059999
24.72
24.49
24.43
24.95
24.74
24.85
24.92
24.27
24.090001
23.35
23.46
23.47
23.669999
24.460001
24.07
23.75
24.900001
24.74
24.56
24.099999
24.66
24.86
25.059999
25.00
25.74
26.11
25.410001
24.979999
24.530001
24.249999
23.77
24.12
23.009999
23.959999
24.27
23.98
23.69
23.510001
22.649999
22.47
24.37
24.19
23.32
23.940001
25.61
25.279999
25.21
25.01
24.74
23.46
24.319999
25.180001
24.15
23.98
23.98
24.20
23.299999
22.91
22.780001
22.719999
22.16
21.400001
21.479999
20.459999
20.089999
19.54
20.099999
20.539999
20.150001
17.12
17.109999
16.85
17.27
17.14
16.55
17.06
17.72
17.06
16.940001
17.549999
18.74
18.01
17.530001
17.319999
18.30
17.51
18.23
17.86
15.630001
14.989999
14.96
14.919999
14.470001
15.200001
14.36
14.339999
15.02
15.429999
15.26
14.80
14.45
13.99
14.74
15.03
15.30
15.00
14.989999
14.59
15.17
15.61
15.81
15.98
15.91
16.12
15.97
15.73
15.53
14.849999
14.699999
14.699999
14.75
14.049999
14.479999
14.180001
14.38
14.37
14.329999
14.29
14.14
14.170001
14.50
14.80
15.02
14.58
14.87
14.849999
14.64
14.93
14.699999
14.72
14.50
14.51
14.170001
14.30
14.030001
13.77
13.68
13.59
14.109999
14.51
14.769999
15.16
14.559999
14.109999
14.339999
14.559999
14.699999
14.88
14.690001
15.420001
15.61
15.44
15.98
16.070001
16.360001
16.889999
16.90
17.22
16.000001
15.84
15.16
15.640001
15.59
16.299999
15.95
15.649999
15.270001
15.53
16.35
16.009999
15.97
15.410001
15.719999
15.499999
15.18
15.16
14.970001
14.629999
14.95
14.75
15.279999
15.490001
15.190001
14.79
14.849999
15.08
14.57
14.20
14.14
14.49
14.36
14.400001
14.06
14.07
14.329999
14.80
14.900001
14.900001
14.849999
14.549999
14.680001
14.72
14.629999
14.610001
14.43
14.619999
14.100001
14.02
13.88
14.170001
13.80
14.13
14.58
14.93
14.320001
14.36
14.66
14.60
14.45
14.43
14.15
14.35
14.35
14.390001
14.540001
14.67
15.270001
14.849999
14.769999
15.00
14.74
15.02
14.50
14.86
15.01
14.65
14.559999
14.619999
14.559999
14.53
14.37
14.23
14.22
14.72
14.779999
15.01
15.00
14.95
14.910001
15.00
14.37
14.549999
14.409999
14.49
14.57
14.14
14.16
14.60
14.460001
14.409999
14.49
14.45
14.189999
14.37
13.20
13.58
13.39
13.24
13.12
13.14
13.51
13.58
13.44
13.35
13.86
14.06
14.22
14.36
14.45
16.089999
17.50
17.65
18.00
18.30
18.559999
18.67
18.550001
18.73
18.80
18.10
17.79
17.85
18.24
18.32
18.88
18.279999
18.10
17.95
17.450001
17.310001
17.600001
17.64
17.15
16.79
17.179999
17.450001
17.77
17.42
18.269999
18.190001
19.12
19.140001
19.200001
19.060001
18.779999
19.09
19.289999
18.73
19.060001
19.09
19.27
19.130001
19.869999
20.40
19.89
19.579999
19.85
19.90
19.61
19.869999
20.899999
20.86
20.609999
20.80
20.79
20.51
21.540001
20.99
20.72
20.28
21.08
20.73
21.21
20.380001
19.63
19.930001
19.640001
19.659999
19.70
20.18
19.97
19.710001
20.34
20.319999
21.01
21.680001
20.880001
20.86
21.049999
21.479999
22.190001
22.61
22.850001
22.95
22.83
22.499999
22.74
22.37
22.18
22.560001
23.10
22.209999
22.359999
22.120001
22.88
22.579999
22.08
22.429999
21.320001
20.43
20.69
21.30
20.72
20.79
20.57
21.690001
22.289999
23.220001
23.06
23.449999
23.68
24.35
24.549999
24.820001
23.25
22.75
23.220001
23.18
22.76
22.99
22.60
22.60
23.720001
23.69
23.089999
22.89
23.150001
22.91
23.03
23.12
22.499999
21.900001
21.540001
22.33
22.420001
21.460001
21.13
20.41
20.42
20.380001
20.28
21.15
20.679999
20.72
20.91
21.71
21.540001
21.030001
21.15
20.85
21.049999
20.450001
20.380001
21.21
20.890001
20.169999
20.12
19.879999
20.04
19.70
19.85
19.809999
20.41
20.78
21.15
21.28
21.37
21.28
22.17
22.09
22.59
23.360001
23.000001
23.730001
24.12
24.20
22.850001
22.719999
22.73
22.61
22.18
22.560001
23.009999
23.070001
22.52
22.68
22.560001
22.32
22.26
21.79
22.420001
22.710001
22.67
22.98
23.800001
23.730001
23.000001
23.159999
23.26
22.47
22.40
22.190001
22.359999
22.81
23.04
23.92
24.020001
23.809999
23.92
25.16
26.74
25.999999
27.099999
27.679999
27.150001
27.56
26.45
25.82
26.19
25.67
25.859999
25.859999
25.29
25.50
26.869999
27.04
27.91
27.92
27.04
27.11
27.50
28.320001
27.829999
27.309999
27.529999
28.040001
26.930001
26.640001
29.30
29.18
28.350001
27.73
27.73
27.78
27.70
27.13
26.940001
26.45
26.77
25.779999
26.069999
26.140001
26.650001
26.579999
26.67
26.280001
27.14
27.300001
27.19
27.06
26.640001
27.06
26.47
26.710001
27.11
27.34
28.409999
28.510002
28.170001
28.060001
28.060001
28.920001
28.399999
28.780001
29.810001
30.35
30.20
30.739999
30.119998
30.690001
32.739998
32.81
32.909999
32.329999
33.000001
33.70
33.179998
33.70
32.489999
32.50
32.54
32.300002
31.08
30.950001
30.390001
30.139999
30.03
29.139999
29.220001
29.579999
32.929999
32.199999
31.970001
32.199999
31.619999
31.680001
30.699998
31.260001
32.430001
32.270001
32.639999
32.339999
31.579998
31.289999
31.79
31.390001
29.780001
30.299999
31.52
31.009999
30.370001
30.840002
30.78
30.869999
31.739999
30.709999
30.800001
31.08
31.95
33.049999
34.659999
34.349998
34.12
34.489998
35.86
35.659998
35.229999
35.760001
36.350001
35.699999
35.87
35.59
35.490001
35.200001
36.350001
37.139999
37.709999
38.009999
36.920001
37.269999
37.289999
37.530001
38.039999
38.680001
38.749999
38.670001
38.79
39.37
40.639999
39.619999
39.059999
38.589999
38.289999
39.749999
44.980001
45.50
47.750001
47.420001
47.469998
47.939999
47.41
47.55
47.97
50.30
52.19
52.400001
52.449999
53.50
55.310001
54.450001
54.720001
54.38
54.049999
54.750001
55.300001
55.499999
55.239999
54.939999
54.900002
55.389999
55.170001
61.350002
61.27
64.049997
64.550002
68.439998
67.049999
67.790003
65.209997
62.679999
65.779997
62.889997
63.28
63.990003
65.150002
64.909997
65.289999
65.259998
66.600002
64.989999
62.72
63.690002
63.749997
64.010003
63.159997
64.18
64.44
64.800001
64.399999
63.29
63.940001
64.500001
64.550002
69.250003
68.960003
64.560002
65.460003
69.800002
70.199998
70.650002
69.879997
70.459997
70.489998
70.759997
72.05
72.249998
72.64
73.979998
76.899998
77.529999
79.63
77.809999
78.840002
78.939998
80.900002
78.74
78.359998
81.210003
84.630001
88.410001
90.13
87.81
86.809998
85.290003
88.229997
88.929999
88.990001
44.859999
44.50
44.119998
41.789999
42.809999
42.75
40.53
39.349999
39.83
40.27
40.320002
40.96
41.180001
42.249999
42.959999
43.699999
42.829999
42.549999
42.500001
42.529999
41.750001
42.800002
41.669999
40.890001
41.089999
41.890001
42.330001
43.559999
43.74
41.920002
42.659998
41.040001
37.260002
35.350001
35.620001
37.090001
35.510002
37.18
35.500001
36.979999
36.190001
35.949998
35.539999
36.060001
36.429999
36.210001
37.149999
36.679998
37.240001
36.969998
36.419999
35.610001
34.13
34.770001
35.549999
35.360002
35.839999
37.550002
37.550002
39.759999
39.700001
39.779999
40.740001
40.56
39.759999
40.300001
40.039999
38.240001
37.92
36.539999
36.920001
37.650001
35.809999
35.900001
36.00
37.129999
37.980001
38.309999
37.61
37.859999
38.550001
38.889999
37.76
37.100001
37.309999
36.370001
36.810001
36.500001
37.980001
37.390001
37.63
38.250001
38.100001
38.240001
38.35
40.750001
41.55
41.489998
43.190001
43.630001
43.289999
43.999999
43.810001
43.630001
43.989999
43.800001
42.650002
42.75
43.190001
43.220001
42.71
42.989999
42.650002
43.820002
43.380002
43.999999
46.10
47.68
46.25
47.150001
46.300002
45.830001
45.869998
45.739999
45.77
46.059999
45.739999
45.840001
46.570001
46.889998
46.260001
46.22
48.799999
48.679999
49.780001
51.309999
51.400002
50.820002
49.610001
49.87
51.210001
52.64
53.189999
52.110001
51.90
53.199999
53.840001
53.440001
51.080001
52.34
53.609999
54.440001
53.749999
52.78
51.699998
51.299999
50.370001
51.589999
49.249999
53.739998
54.000001
53.440001
52.21
54.939999
56.140003
55.659999
56.789998
56.100002
57.029997
55.41
54.469998
57.590003
57.500001
59.949997
61.85
61.149998
60.229997
59.900002
60.110001
61.179998
61.54
61.449998
62.279997
64.949998
64.520001
64.560002
64.959998
66.52
67.110001
69.339998
69.659999
68.100003
67.819997
71.600003
72.63
71.820002
74.049999
73.949997
74.08
74.329999
74.909999
74.98
72.009999
72.180003
71.109999
71.379998
72.110002
73.50
74.019999
73.350003
74.229997
73.570002
71.45
71.890003
74.750002
74.97
74.38
76.299997
76.049998
80.860002
83.899998
84.29
85.590003
84.710003
82.489999
79.04
76.089999
77.670002
76.039998
74.200003
72.33
72.03
75.000001
75.509999
75.419997
72.100001
71.850002
67.299998
67.599998
68.809999
64.949998
67.309999
64.709999
67.639999
69.220002
70.57
70.29
69.079999
71.319997
71.75
71.46
70.990003
68.489999
69.099999
69.609998
67.720001
65.479997
66.310002
65.660001
63.930001
63.189998
65.680001
67.319999
66.23
64.310003
64.659998
63.990003
61.809999
61.670003
60.160002
59.959997
59.51
58.710002
62.329998
62.750001
62.72
62.649999
61.169998
67.210003
71.240002
69.790002
68.670003
67.990001
66.709998
66.469999
64.810001
66.22
65.650001
67.629999
67.039999
65.750003
66.169999
68.149998
69.359999
70.390002
69.599998
71.619997
71.139999
71.129999
71.890003
71.890003
71.029997
70.60
68.149998
67.700001
67.790003
64.979999
65.259998
63.179997
64.510001
63.380002
63.149997
63.340001
64.329997
63.549999
61.219999
59.77
62.170001
61.660003
59.999998
59.719998
58.559999
60.760002
59.240001
57.000003
58.33
57.609997
59.379997
57.560002
57.200001
57.47
57.860003
59.580002
58.829998
58.990002
57.429999
56.02
58.970001
57.270002
57.949998
57.000003
55.770001
55.40
55.00
55.649999
52.960001
52.250001
50.670002
52.37
52.899999
54.10
60.500003
60.720001
61.419997
61.930002
63.87
63.400002
65.589999
67.96
67.180002
68.159998
69.589997
68.300001
67.210003
64.780001
63.59
64.069998
63.650002
63.940001
66.449999
67.98
67.589998
67.909999
66.560001
67.619999
67.309999
67.810003
68.749998
66.979998
66.48
66.959997
67.849998
68.380003
71.48
70.030001
72.799997
72.519998
72.499997
72.63
74.200003
74.170002
74.10
73.890002
73.77
75.26
74.65
73.000002
75.749998
77.610001
76.41
77.01
76.98
74.859998
74.08
75.380003
74.829997
74.220003
74.629999
73.81
73.23
75.26
75.020001
75.399997
74.289998
74.529997
78.989999
79.950001
81.460002
81.049999
81.68
82.189999
80.409998
80.419998
81.08
79.160003
78.979999
78.290003
79.710002
80.51
82.449998
83.339998
83.12
84.350001
85.000003
84.050001
85.609997
85.850002
86.470003
88.599998
90.309998
91.630001
89.54
91.809999
91.799998
91.660002
91.320001
91.120003
91.27
89.83
87.040003
88.259997
88.750002
86.140002
89.050002
88.549997
87.719998
85.47
86.309999
84.759997
82.900002
82.199999
81.510003
81.520003
80.870002
84.839999
83.800002
85.659998
85.049997
85.47
92.570003
96.999997
95.800003
94.620003
97.099999
94.949997
89.070003
88.500003
86.789997
85.699999
86.700002
86.249998
85.379998
85.939998
85.550002
85.73
84.739997
84.749997
83.939999
84.149997
86.150002
86.180003
83.270003
84.88
84.700003
85.300003
85.210001
84.829999
85.899997
89.199999
89.509999
89.070003
88.510003
83.929998
84.610001
87.060003
85.409999
86.32
88.190002
87.719998
87.999998
87.969997
89.870001
88.400001
89.999997
89.570001
89.590001
91.130003
91.479998
93.869999
93.960001
93.519998
95.849998
95.460002
93.239998
93.750003
92.909997
93.650001
94.50
94.270001
94.679997
93.650001
94.250001
92.590003
92.190001
90.240003
91.430003
90.349998
90.40
90.270003
90.969999
93.509997
93.239998
95.349999
98.839999
99.919997
99.800001
99.47
100.390001
100.400002
100.809998
103.920002
105.060001
106.880003
107.34
108.739999
109.36
107.519998
107.34
109.440001
110.020001
111.98
113.539995
112.889994
110.689997
113.619997
114.35
118.769995
121.189997
118.40
121.33
122.670004
123.639999
124.069996
124.490005
120.190001
120.380005
117.500006
118.749994
120.499994
125.090006
123.66
121.550005
123.900005
122.999998
122.339996
119.650002
121.889999
120.559996
122.040003
121.259998
127.17
132.749994
132.299997
130.330006
132.349998
132.389999
134.069998
137.730001
138.099997
138.910002
138.119997
140.00
143.750006
143.700005
134.890003
137.260004
146.000004
143.849995
141.430006
131.759998
135.000006
136.49
131.85
135.249998
135.030006
134.009996
126.389996
125.000004
127.790001
124.029995
119.899994
117.049995
122.060003
122.219994
127.569996
132.510002
131.069996
135.299999
132.249996
126.820005
134.079998
136.249994
138.480005
144.160002
136.760006
135.010006
131.769999
136.710005
135.490004
136.849995
137.200003
138.809999
138.410004
140.919994
140.770004
140.309994
144.150002
148.280003
153.179995
152.769999
154.499998
153.470001
156.34
158.449995
157.919996
156.239998
161.449997
167.909998
167.859997
166.789999
162.230001
167.249996
166.980003
169.579996
172.750002
173.500006
170.420002
174.359999
186.160002
185.929996
182.780005
184.699995
185.090004
186.999994
189.949995
187.440004
187.870001
186.180002
191.789997
186.300005
175.469997
165.370007
153.759995
169.960005
166.109997
164.299995
166.390003
163.950001
168.850006
168.459997
171.540001
172.539997
174.809996
180.219999
184.289999
182.220005
178.859995
179.810003
185.50
189.949995
194.300001
194.209999
188.540003
190.860003
191.829998
190.390005
184.400002
182.979996
183.119999
187.209999
193.910006
198.799997
198.950001
198.570005
199.829994
198.079994
194.84
194.930002
180.049995
177.639994
171.249994
179.399994
178.020002
172.690001
178.780006
169.039997
159.639996
160.889997
161.359995
155.639997
139.070005
135.600006
130.009998
130.009998
131.540007
132.179995
135.360001
133.750004
131.649996
129.359997
122.000002
121.239998
125.480001
129.449999
124.860001
129.399998
127.459993
124.629995
122.180006
123.820004
121.540005
119.459997
119.740004
119.150003
122.959997
129.909996
125.020004
121.729996
124.619995
124.490005
120.930004
122.249994
119.690002
127.350004
126.030001
127.940004
126.610001
126.730003
132.819996
129.670004
133.270006
139.530003
140.979996
145.059996
140.250006
143.010002
143.50
149.530005
147.489998
151.609999
153.080006
155.890003
152.84
151.439995
154.549999
147.140003
147.780005
148.380005
153.700006
154.489998
161.040001
168.160004
160.199995
162.890003
168.939995
169.73
172.240004
175.050001
173.950003
179.999994
180.940002
184.729996
186.66
182.59
185.060003
183.450006
188.159994
189.959995
186.260004
189.730003
187.619995
183.599997
185.899996
178.190006
177.049994
181.169994
186.429995
187.009995
186.690001
188.749994
186.10
185.369997
185.190006
189.429996
185.640003
181.610004
185.640003
180.809999
173.26
172.370007
176.840002
181.43
178.750006
180.900002
175.270006
173.159998
173.25
177.390001
168.260006
170.089994
167.440001
174.680006
168.180004
170.119995
175.160004
179.549997
174.249996
176.629997
172.579998
173.880001
169.639997
172.810003
171.809994
165.150002
166.290001
162.019997
166.26
159.029995
162.119999
154.399996
157.080004
159.880001
158.950006
156.659994
153.229996
160.640005
164.190006
163.570005
169.549995
173.559994
176.73
179.300005
179.320005
175.740004
175.389996
173.530006
175.840006
174.289997
176.790001
172.549997
173.639996
174.670006
173.739998
169.529995
166.189999
166.960003
161.220005
160.179995
157.919996
151.68
151.609999
152.649996
148.940004
140.359995
139.879997
127.830002
134.089998
140.909994
131.049995
126.840006
128.709995
131.930002
128.239998
105.259999
113.659998
109.120001
100.100001
97.069999
98.140003
89.159998
89.789999
88.740002
96.799999
110.26
104.079999
97.949999
101.890002
97.40
98.439997
91.489998
96.870001
98.229999
96.380003
92.089998
99.909997
104.550003
111.039998
107.589999
106.959998
110.989997
103.300001
99.099998
98.239999
95.879998
94.77
90.12
96.439998
90.240003
88.140001
89.910002
86.289999
80.49
82.580001
92.949998
90.800002
94.999998
92.669998
88.929999
92.47
95.899999
91.410003
94.000002
99.719999
100.06
98.209998
94.999998
98.27
94.749999
95.430001
89.159998
89.429997
89.999997
85.74
86.380001
85.039997
85.810001
86.61
86.289999
85.349998
90.750001
94.580002
93.02
91.01
92.699999
90.579997
88.66
87.709998
85.329997
83.379999
82.330002
78.200001
82.83
88.36
88.36
89.640002
90.73
94.20
92.999999
90.13
91.509998
92.979999
93.549998
96.459998
99.719999
102.510003
97.830003
96.82
99.270002
99.16
94.530001
94.369997
90.639998
91.199998
86.950001
90.250003
91.159997
89.189999
89.310001
87.939997
88.37
91.169997
88.839997
85.300003
83.11
88.629999
92.679998
96.350002
95.929999
95.420001
99.659998
101.52
101.620003
101.590002
107.660001
106.500001
106.490001
109.869998
106.850002
104.490002
105.120003
108.689998
112.710003
115.989998
118.450001
115.000002
116.320005
119.57
120.220001
118.309998
117.639996
121.450003
123.419994
120.499994
121.759996
121.510004
125.40
123.900005
124.729998
123.900005
125.139994
125.829996
127.240002
132.070005
132.709993
132.500002
129.060003
129.190006
129.570002
124.420004
119.489998
122.949997
122.419998
126.650002
127.450006
125.869997
124.179998
122.50
130.780003
133.050001
135.069994
135.809998
139.349998
139.490002
140.949995
143.740005
144.67
143.849995
142.719995
140.250006
139.949999
136.969997
136.090004
136.349997
135.580006
135.879999
139.480001
137.370007
134.009996
136.219994
139.859997
142.440002
141.970005
142.430002
142.829998
140.02
138.609995
135.400002
137.220003
136.359997
138.520006
142.34
142.269999
146.879997
147.519999
151.750002
152.910002
151.509996
156.739996
157.819994
159.990004
160.100006
160.000004
160.030005
162.790001
163.390001
166.430004
165.549997
165.110001
163.91
165.509996
164.720005
162.830002
165.310005
168.419996
166.779999
159.589994
164.000002
164.600002
166.330002
169.220001
169.059998
169.400005
167.41
169.450006
170.049994
168.210005
165.300005
165.180002
166.549994
170.309999
172.930006
171.140005
172.559998
172.160002
173.719997
175.160004
181.869997
184.550005
185.020002
184.020006
184.480003
185.50
183.820002
182.369995
186.150002
185.379997
185.349997
180.860001
184.90
186.019999
190.009996
190.250002
189.270006
190.469994
190.810001
190.019997
191.289999
190.559996
188.050005
189.860006
198.759996
204.920004
205.199997
203.939995
202.480001
197.370005
192.399998
196.349995
188.500002
189.309994
188.749994
190.810001
194.029995
194.340002
201.460005
202.98
203.250006
201.990004
204.450006
206.630003
206.999998
205.960001
200.509996
199.919996
205.879999
204.440006
204.190001
200.589998
199.909996
196.969995
196.230005
196.479998
193.320005
188.949999
189.870007
197.800001
196.429996
194.669996
196.979996
194.169998
195.030005
191.859999
195.43
198.229998
200.360006
202.100006
209.040005
211.609997
209.100006
211.639997
210.730003
214.009998
214.379993
210.969995
210.58
211.980005
210.110003
207.720001
210.650002
209.43
205.93
215.039995
211.73
208.069996
197.75
203.070002
205.940001
207.880005
199.289995
192.060003
194.729998
195.859997
199.229994
192.050003
195.460001
194.119997
196.190004
195.120007
198.669994
200.379993
203.399996
202.550003
202.929998
201.669996
200.419994
197.059998
200.66
202.000004
204.619997
208.990004
208.85
209.329998
210.710003
218.950005
219.079994
223.020004
224.839993
225.500008
226.600006
223.839996
224.449997
224.120003
224.650002
222.25
224.750004
228.359993
229.370003
226.649994
230.899998
232.389992
235.849991
235.000011
235.969994
238.489998
239.540009
240.600006
239.950005
241.789993
242.290005
242.430008
245.690002
248.92001
247.400002
247.070007
244.590004
259.220005
266.469997
270.82999
269.50
262.039989
261.600006
268.640007
261.090008
266.349995
258.679993
255.989998
246.249989
235.860004
253.990005
256.519997
262.090004
258.360012
253.819988
254.219997
252.360008
248.339996
237.759995
242.319992
246.759987
245.220005
244.109993
253.349991
256.880005
260.830002
263.949993
263.119987
255.960011
250.940002
249.330006
243.200012
250.510006
253.509995
254.279999
259.690002
267.249989
271.869987
274.070011
270.170002
273.850006
270.969994
268.999989
266.699989
268.299999
256.170002
251.530003
248.48
246.939991
248.62999
258.670006
258.089993
259.619987
257.290001
251.799995
252.730003
251.450001
249.900005
245.580013
251.890011
254.239998
259.02
259.939995
259.280006
264.080009
260.959991
258.109993
257.25
261.849998
261.93
262.980011
261.700008
260.090012
261.749996
259.409996
250.189999
251.790009
249.099987
247.640007
251.970013
253.070011
249.880005
249.639999
245.799992
239.930004
242.889992
240.279999
241.620003
242.499996
243.10001
250.330002
252.169991
258.770008
257.810013
262.92001
263.07
263.410007
267.039997
268.059994
270.21999
276.569988
275.369987
283.230007
283.769993
287.750004
288.919991
292.319988
291.159988
286.859997
287.369995
283.749992
282.520004
278.639996
288.939991
289.19001
289.219997
294.069988
295.360004
298.539997
300.140007
302.30999
314.739994
317.999989
309.489994
310.529991
309.520008
307.470001
308.839993
308.049988
307.830009
305.23999
300.98
304.179993
309.360004
312.800003
318.270008
317.130009
318.620003
316.079998
318.030003
316.649998
308.029987
307.040005
301.59
300.499989
308.429996
306.730011
313.359989
308.730003
314.799995
315.00
316.870003
311.150005
316.400005
318.150005
317.440002
320.149998
318.210007
321.009991
319.760002
320.559994
321.670006
320.290001
320.359989
321.249996
320.610008
322.209991
324.199997
325.159992
323.60001
324.680008
325.470013
325.290009
323.660011
322.560013
329.57
331.290012
334.000008
333.729988
336.120003
342.450001
341.639996
344.420006
345.680008
348.479992
340.650013
338.840012
332.680004
326.720001
337.449993
341.39999
343.850006
343.209991
336.100002
339.319996
345.030006
344.320004
343.44001
346.50
351.87999
355.200012
358.16
354.539997
356.85001
359.179996
359.900013
363.129993
358.300003
350.560013
338.609993
342.619991
342.879997
348.160011
353.210007
349.309998
352.119995
359.560005
359.999989
355.359989
355.759998
352.46999
346.669991
351.990005
353.560001
345.429989
330.01001
334.639996
330.669998
339.299995
341.200012
339.190006
344.970005
351.540009
350.44001
350.959995
348.630009
348.510006
344.560009
341.189999
338.889999
338.039993
338.079994
335.060005
330.799988
332.399998
336.12999
332.419998
327.459991
331.849998
337.859989
342.41
350.699989
353.010002
350.42001
350.14999
346.749992
350.12999
346.279995
348.200012
349.570004
346.749992
346.660004
347.599998
349.450001
347.230003
346.569988
340.499996
333.299992
336.140003
339.869995
340.53001
335.220009
334.39999
332.190006
336.779991
335.000004
337.409992
347.82999
345.509991
346.099991
343.44001
338.039993
332.039989
332.239994
331.48999
325.900009
326.599998
332.439999
326.749989
325.159992
320.259987
315.320007
325.299995
322.610001
331.230011
326.350006
332.039989
335.26001
334.040009
335.670006
343.260006
349.43
351.759987
357.200005
359.709995
354.000011
353.749992
358.019997
357.770004
364.919994
373.800011
376.849987
386.89999
387.290012
393.300003
398.499989
403.410007
392.59
391.819996
390.479992
396.749989
388.909996
392.57
377.369999
373.620007
353.210007
374.010002
363.690006
373.700008
376.98999
383.410004
380.480003
380.440002
366.050007
356.029991
356.439987
373.600006
376.180012
373.720009
383.579994
389.969994
389.989994
384.830009
381.030003
374.050003
379.740013
383.929989
384.140007
377.479988
379.939991
384.619991
389.299992
392.959995
400.500008
411.630009
413.449997
412.140007
401.820011
404.299988
403.170002
399.260006
397.009995
390.570007
381.319996
374.600002
372.500008
378.249992
377.369999
369.799999
388.809994
400.289989
402.190006
408.429989
421.999992
419.990013
422.239998
398.619991
395.310009
392.870007
405.770008
397.770012
400.60001
404.69001
404.949989
404.779999
396.51001
397.410004
403.07
400.240002
399.730003
406.229992
395.279995
385.220005
384.619991
379.260002
388.829994
384.770008
377.41
374.94001
369.009995
376.510006
366.990002
363.570004
376.12001
373.199997
382.199989
387.93
389.700001
393.01001
390.949989
389.09
390.659996
393.62001
391.839996
388.809994
380.19001
378.939995
381.019989
382.210003
395.949997
396.450008
398.550003
403.330006
406.529999
402.640003
405.120007
405.000004
411.23
413.44001
418.029995
422.400002
421.73
423.239994
422.549992
421.389992
419.810009
424.700001
429.110008
427.750004
420.300007
427.409996
420.409996
446.659996
444.62999
447.28001
453.009995
456.47998
456.189987
455.120003
459.68
463.969978
468.830009
476.680016
493.170006
493.419998
502.600021
509.459991
497.669975
502.209999
502.12001
514.850021
513.039993
516.389977
522.409981
525.760017
535.410011
542.440025
544.469978
545.180008
533.160027
530.259987
530.69001
541.989975
545.170021
551.999977
568.099998
589.580009
585.559998
585.569984
601.100006
605.959984
602.499985
599.340019
596.050011
606.97998
614.480019
617.62001
609.859993
599.550011
618.63002
629.319984
624.30999
633.679977
636.229996
628.440018
626.20002
622.769981
605.22998
580.13002
609.699989
608.340012
587.439987
572.980003
571.699974
560.280006
610.000023
607.699997
603.000023
583.979988
582.130013
585.97998
581.819992
565.25
569.480003
568.18
569.180023
570.519974
566.710007
558.219986
553.169991
546.080002
530.12001
530.37999
561.279976
556.970024
570.559975
565.320015
562.289986
572.269974
579.169998
577.730019
560.989983
564.289978
562.830025
571.460022
571.720001
580.319984
571.169975
576.159996
572.160011
571.529984
574.12999
585.779976
587.410027
585.739975
577.669991
582.099998
570.77002
572.030022
574.499985
569.04998
584.000015
592.519997
599.409981
609.939995
605.879982
613.889992
608.210022
604.430016
598.900009
604.970001
606.910019
606.93998
606.260017
614.320015
604.300026
603.830002
600.919975
574.970009
574.88002
585.159988
595.030014
610.759987
606.80999
607.789986
615.70002
622.550003
620.910019
619.860008
620.729988
621.699997
630.00
631.690025
630.829979
636.340012
648.110001
665.150017
656.059982
668.869995
662.630013
663.219986
675.679977
674.800011
673.469994
663.869987
665.240005
674.970001
670.230026
676.270004
680.43998
662.739975
660.590019
669.790016
682.980011
691.280014
699.780022
701.910004
702.100021
698.699997
700.089989
690.790016
673.540009
665.179977
681.32
667.100021
659.389992
661.309982
671.449974
666.799988
652.589996
638.170013
635.850014
640.909996
628.099983
629.710007
634.760002
649.789986
644.610001
632.640007
609.840019
634.029999
613.359993
616.829979
609.539986
603.999992
595.320007
596.540009
576.800011
584.620003
582.849976
558.000008
537.749985
547.059998
542.829994
542.900009
536.880005
525.619987
527.680008
565.730011
560.909981
561.700012
571.500023
589.530022
584.780006
582.940018
589.359978
585.279991
586.190025
575.849976
538.790009
547.239975
533.250015
529.819977
541.390015
539.00
529.689987
509.789986
518.829979
533.900017
526.30999
521.730019
519.330017
520.169983
512.999992
515.060013
509.589981
532.169991
549.029976
542.099991
526.999992
523.900002
525.31002
517.100006
523.509979
520.300026
501.750015
485.920013
506.089981
502.680023
500.000015
504.770004
514.010002
450.499977
439.880001
449.830002
458.269981
456.830002
455.489998
453.619995
442.320004
457.840012
457.350014
468.220009
474.980003
479.930023
467.900002
467.009995
466.590012
460.160011
459.990021
448.850006
446.060009
450.809998
442.799988
448.970009
444.569988
441.400009
430.470013
420.049988
431.139988
425.659996
430.580002
431.720001
437.869995
428.429993
428.349991
432.499992
443.660007
455.720016
454.489975
452.079987
452.729988
461.910011
463.580009
461.140007
452.079987
442.660011
428.910004
429.789997
431.989994
427.71999
423.199993
426.209995
426.98
435.689999
434.329994
429.800011
419.85001
426.240009
402.800007
392.049988
390.530006
398.670006
406.12999
405.459988
408.380001
417.199989
430.119991
442.779987
439.290001
445.519997
449.980019
460.709984
458.660004
463.839989
456.769974
452.969994
454.740021
443.860012
428.850002
434.580013
433.26001
442.930004
439.659996
441.349995
442.139999
445.150002
441.44001
444.949997
451.580002
449.730026
450.720009
449.30999
445.110001
438.459995
441.810005
438.889992
437.600002
432.189999
435.959991
430.050003
432.000008
431.769989
422.999989
416.840008
413.500011
402.540001
402.62999
398.069992
393.779987
396.53001
409.219994
418.490005
420.799992
417.419994
415.050007
422.349987
420.730003
427.289993
426.510002
427.44001
430.199993
430.310009
431.760002
424.949993
426.309998
418.98999
440.510002
438.499996
440.990013
447.790009
453.320015
452.529984
456.679985
462.539986
469.449997
465.250008
464.979988
461.010017
454.449974
467.360016
489.569977
498.500008
497.909981
502.330002
507.740005
501.07
502.360016
502.959976
501.020012
502.970016
488.589981
490.899994
491.700012
487.220016
488.579994
498.690025
495.269974
498.220001
506.169983
494.639999
467.709984
472.690018
464.899986
450.119995
455.320007
464.680008
472.299995
467.410004
490.640015
489.100006
481.530006
486.219994
482.750008
476.749977
487.960007
489.55999
483.409996
483.030014
487.750015
480.93998
486.589989
489.639992
492.809998
496.039978
498.679985
501.110001
504.499985
508.889992
521.360023
519.870003
524.959999
531.910011
525.960022
529.880005
516.680023
524.900024
522.699974
520.030006
526.75
525.449997
520.920013
512.490021
520.560005
519.050011
520.009979
520.63002
528.160019
524.990013
518.629974
519.549995
514.999985
521.139992
519.799988
523.739998
533.399979
545.959999
556.069977
551.230026
566.319984
565.000008
567.899994
560.019974
566.43
565.54998
561.359978
560.539986
554.429993
557.500023
554.990005
550.769989
544.459991
549.019989
570.090004
567.669975
563.900009
560.089989
554.519981
561.019997
553.12999
540.980019
543.929993
540.040024
543.460022
536.519997
532.939995
535.730019
546.390022
557.359993
554.250015
540.669998
549.069977
551.509979
556.179993
546.070015
550.500023
506.499977
500.749992
499.779984
500.599976
501.529984
508.790016
512.589996
512.509995
519.679985
528.989998
535.959984
535.919983
544.429977
543.990021
545.990013
537.370003
531.149994
525.249992
527.550018
522.060013
517.349998
527.670021
526.239975
527.76001
531.239983
532.360008
530.749985
530.440018
530.919975
536.089973
536.609985
530.650009
524.68998
526.740013
531.399986
531.26001
528.700005
532.86998
539.190018
544.98999
539.779991
537.459991
536.859978
536.739975
541.649994
542.549988
538.790009
531.820023
523.469978
523.440018
530.320015
523.480019
519.610023
521.679977
517.959999
519.01001
524.940025
531.170021
531.70002
524.750008
567.770004
571.93998
594.090019
592.329979
590.089981
591.480026
592.580025
600.959976
594.410027
592.329979
587.990013
585.540024
592.830017
593.760025
593.869987
588.819992
597.510017
604.590019
604.710022
606.310005
607.269974
614.129997
625.63002
624.01001
635.37999
633.000015
628.650009
637.539986
644.819992
647.349983
645.570023
93.699997
94.25
93.860001
92.290001
91.279999
92.199997
92.080002
92.18
91.860001
90.910004
90.830002
90.279999
90.360001
90.900002
91.980003
92.93
93.519997
93.480003
94.029999
95.970001
95.349998
95.389999
95.040001
95.220001
96.449997
95.32
94.779999
93.089996
94.43
93.940002
94.720001
97.190002
97.029999
97.669998
99.019997
98.379997
98.150002
95.599998
96.129997
95.589996
95.120003
94.959999
94.480003
94.739998
95.989998
95.970001
97.239998
97.50
97.980003
99.160004
100.529999
100.57
100.580002
101.32
101.540001
100.889999
102.129997
102.25
102.50
103.300003
98.940002
98.120003
98.970001
98.360001
97.989998
101.00
101.43
101.660004
101.629997
100.860001
101.580002
101.790001
100.959999
101.059998
102.639999
101.75
97.870003
100.75
100.110001
100.75
99.18
99.900002
99.620003
99.620003
98.75
100.800003
101.019997
100.730003
99.809998
98.75
97.540001
96.260002
97.669998
99.760002
102.470001
102.989998
104.830002
105.220001
105.110001
106.739998
107.339996
106.980003
108.00
109.400002
108.599998
108.860001
108.699997
109.010002
108.830002
109.699997
111.25
112.82
114.18
113.989998
115.470001
114.669998
116.309998
116.470001
118.629997
117.599998
119.00
118.93
115.07
114.629997
115.93
115.489998
115.00
112.400002
114.120003
111.949997
111.620003
109.730003
108.230003
106.75
109.410004
112.650002
111.779999
112.940002
112.540001
112.010002
113.989998
113.910004
112.519997
110.379997
109.330002
106.25
106.260002
107.75
111.889999
112.010002
109.25
110.220001
109.800003
106.82
105.989998
108.720001
109.550003
112.400002
112.980003
113.099998
109.139999
115.309998
118.900002
117.160004
118.629997
118.650002
119.559998
119.940002
118.93
119.720001
122.019997
124.879997
126.459999
127.080002
127.830002
128.720001
128.449997
129.50
133.00
132.169998
128.789993
130.419998
128.460007
129.089996
129.360001
128.539993
126.410004
126.599998
127.139999
124.510002
122.239998
124.449997
123.589996
124.949997
127.040001
128.470001
127.50
125.900002
127.209999
126.690002
123.379997
124.239998
123.25
126.370003
124.43
124.25
125.32
127.349998
126.010002
125.599998
126.559998
127.099998
126.849998
126.300003
126.779999
126.169998
124.75
127.599998
126.910004
128.619995
129.669998
130.279999
132.649994
130.559998
128.639999
125.150002
128.949997
128.699997
125.800003
125.010002
125.260002
127.620003
126.32
125.870003
126.010002
128.949997
128.770004
130.190002
130.070007
130.059998
131.389999
132.539993
129.619995
132.039993
131.779999
130.279999
130.539993
129.960007
130.119995
129.360001
128.649994
127.800003
127.419998
128.880005
128.589996
127.169998
126.919998
127.599998
127.300003
127.879997
126.599998
127.610001
127.029999
128.110001
127.50
126.75
124.529999
125.43
126.599998
126.440002
126.00
125.690002
122.57
120.07
123.279999
125.660004
125.610001
126.82
128.509995
129.619995
132.070007
130.75
125.220001
125.160004
124.50
122.769997
123.379997
122.989998
122.370003
121.300003
118.440002
114.639999
115.400002
115.129997
115.519997
119.720001
113.489998
115.239998
115.150002
115.959999
117.160004
116.50
115.010002
112.650002
105.760002
103.120003
103.739998
109.690002
112.919998
113.290001
112.760002
107.720001
112.339996
110.370003
109.269997
112.309998
110.150002
112.57
114.209999
115.309998
116.279999
116.410004
113.919998
113.449997
115.209999
113.400002
114.32
115.00
114.709999
112.440002
109.059998
110.300003
109.580002
110.379997
110.779999
111.309998
110.779999
109.50
112.120003
111.599998
111.790001
110.209999
111.860001
111.040001
111.730003
113.769997
113.760002
115.50
119.080002
115.279999
114.550003
119.269997
120.529999
119.50
121.18
122.57
122.00
120.919998
121.059998
120.57
116.769997
116.110001
115.720001
112.339996
114.18
113.690002
117.290001
118.779999
119.300003
117.75
118.879997
118.029999
117.809998
118.300003
117.339996
116.279999
115.199997
119.029999
118.279999
118.230003
115.620003
116.169998
113.18
112.480003
110.489998
111.339996
108.980003
106.029999
107.330002
107.230003
108.610001
108.029999
106.82
108.739998
107.32
105.260002
105.349998
102.709999
100.699997
96.449997
96.959999
98.529999
99.959999
97.389999
99.519997
97.129997
96.660004
96.790001
96.300003
101.419998
99.440002
99.989998
93.419998
94.089996
97.339996
96.43
94.480003
96.349998
96.599998
94.019997
95.010002
94.989998
94.269997
93.699997
93.989998
96.639999
98.120003
96.260002
96.040001
96.879997
94.690002
96.099998
96.760002
96.910004
96.690002
100.529999
100.75
101.50
103.010002
101.870003
101.029999
101.120003
101.169998
102.260002
102.519997
104.580002
105.970001
105.800003
105.919998
105.910004
106.720001
106.129997
105.669998
105.190002
107.68
109.559998
108.989998
109.989998
111.120003
109.809998
110.959999
108.540001
108.660004
109.019997
110.440002
112.040001
112.099998
109.849998
107.480003
106.910004
107.129997
105.970001
105.68
105.080002
104.349998
97.82
94.830002
93.739998
93.639999
95.18
94.190002
93.239998
92.720001
92.790001
93.419998
92.510002
90.339996
90.519997
93.879997
93.489998
94.559998
94.199997
95.220001
96.43
97.900002
99.620003
100.410004
100.349998
99.860001
98.459999
97.720001
97.919998
98.629997
99.029999
98.940002
99.650002
98.830002
97.339996
97.459999
97.139999
97.550003
95.330002
95.099998
95.910004
95.550003
96.099998
93.400002
92.040001
93.589996
94.400002
95.599998
95.889999
94.989998
95.529999
95.940002
96.68
96.980003
97.419998
96.870003
98.790001
98.779999
99.830002
99.870003
99.959999
99.43
98.660004
97.339996
96.669998
102.949997
104.339996
104.209999
106.050003
104.480003
105.790001
105.870003
107.480003
108.370003
108.809998
108.00
107.93
108.18
109.480003
109.379997
109.220001
109.080002
109.360001
108.510002
108.849998
108.029999
107.57
106.940002
106.82
106.00
106.099998
106.730003
107.730003
107.699997
108.360001
105.519997
103.129997
105.440002
107.949997
111.769997
115.57
114.919998
113.580002
113.57
113.550003
114.620003
112.709999
112.879997
113.089996
113.949997
112.18
113.050003
112.519997
113.00
113.050003
113.889999
114.059998
116.050003
116.300003
117.339996
116.980003
117.629997
117.550003
117.470001
117.120003
117.059998
116.599998
117.650002
118.25
115.589996
114.480003
113.720001
113.540001
111.489998
111.589996
109.830002
108.839996
110.410004
111.059998
110.879997
107.790001
108.43
105.709999
107.110001
109.989998
109.949997
110.059998
111.730003
111.800003
111.230003
111.790001
111.57
111.459999
110.519997
109.489998
109.900002
109.110001
109.949997
111.029999
112.120003
113.949997
113.300003
115.190002
115.190002
115.82
115.970001
116.639999
116.949997
117.059998
116.290001
116.519997
117.260002
116.760002
116.730003
115.82
116.150002
116.019997
116.610001
117.910004
118.989998
119.110001
119.75
119.25
119.040001
120.00
119.989998
119.779999
120.00
120.080002
119.970001
121.879997
121.940002
121.949997
121.629997
121.349998
128.75
128.529999
129.080002
130.289993
131.529999
132.039993
132.419998
132.119995
133.289993
135.020004
135.509995
135.350006
135.720001
136.699997
137.110001
136.529999
136.660004
136.929993
136.990005
139.789993
138.960007
139.779999
139.339996
139.520004
139.00
138.679993
139.139999
139.199997
138.990005
140.460007
140.690002
139.990005
141.460007
139.839996
141.419998
140.919998
140.639999
140.880005
143.800003
144.119995
143.929993
143.660004
143.699997
144.770004
144.020004
143.660004
143.339996
143.169998
141.630005
141.800003
141.050003
