4.670056856439218 
0.210859371349216 
-0.797352695061319 
-2.866589536624813 
-2.000284235377299 
-1.488389655369488 
-3.632048368453979 
0.003063127398491 
-0.183148997422780 
-0.456975870291945 
8.673150552542985 
4.265903411433101 
-5.314811574886351 
-1.019740628846048 
2.401102470521010 
-1.464953324153617 
-2.412066932767630 
4.414652645587921 
-2.642740931464543 
0.963240916672900 
0.586831038021707 
6.029559213668108 
-4.592357723042369 
-2.378001468082237 
3.423837584533782 
-0.848533834421550 
-1.744519306346774 
-0.613970282927950 
1.958129315057018 
8.098138233104311 
-3.130811198984482 
-0.260408515110612 
-3.641001571938205 
-4.958976963534951 
-2.006454712959357 
3.967278240781136 
1.225575011223555 
1.078604137865753 
3.509931642207976 
6.310999752953649 
9.058415714514227 
-4.663729280233383 
-2.278996497696015 
-5.931750452317198 
4.411205046820339 
-2.789934913229583 
0.555448517193932 
-0.169182622310492 
-4.497907904908061 
-1.115098160363384 
-3.271110496862505 
5.262161157044230 
2.128040317541410 
4.546707656234503 
5.144559251144528 
4.006798369929370 
-4.529264831915498 
3.023218810706716 
-6.011965371668339 
-4.643164899200201 
1.894526993935903 
-4.633308054879308 
-2.214897390579047 
-1.675084900110960 
1.130738212468090 
-2.861611831164737 
0.403920782734666 
-6.332017363211063 
2.766639131975051 
-1.751166276633739 
-3.480443395649857 
-2.180120650408442 
-1.170496903981336 
-1.436046346538918 
-1.795073853624817 
3.577040967164580 
5.142109362408519 
1.084675186658989 
-6.887700409940100 
-3.500422112192092 
-4.559352217053055 
-4.107333652675152 
0.239093322927673 
5.183959387242794 
-0.660053411498666 
2.306141260854989 
7.982387797607090 
0.163060152903199 
6.209573021158576 
-4.433899216353893 
-2.536492833867669 
0.567841571149732 
-1.234942755191371 
-1.903597969133362 
-1.223592366023365 
-5.132738575339317 
1.817617354914546 
7.662235998310467 
4.578330690041184 
-0.338158448405084 
-0.649539651405560 
-5.752326855435967 
-1.994889566383003 
0.248128687507533 
5.640426469966769 
-4.892650155350566 
-4.815924478694797 
2.312563091243693 
-6.013559785124746 
1.666812143449279 
0.251806921473364 
-5.761439083144069 
1.703064257816363 
3.331062807506283 
-0.962074117507878 
1.313826106313970 
5.289267631247640 
-0.659298386424780 
6.359755747020245 
-2.766678064198530 
2.630897633731365 
3.933403183820273 
5.869432397186756 
-0.792589997188481 
-2.457605546638007 
0.531826309859753 
-6.538327617570758 
6.679173740433084 
1.340347139398483 
1.851778307274410 
-0.576799353870495 
-1.048364045098424 
-0.087134834843214 
-1.604182876341197 
-1.334540795534849 
4.451906185194013 
4.822159326869668 
0.658245021792048 
-4.803127726539969 
-1.887158757075667 
6.660126803442836 
-0.419810546562076 
-2.142826290784319 
9.593170737700516 
0.643590884283185 
7.097702946513891 
2.568417474430001 
-1.602628735825419 
0.674527708441019 
0.417108724305296 
0.563194652218424 
2.455685888833248 
-1.053332768122120 
6.042429493296997 
2.022243917869561 
2.690259939059615 
6.321414040401578 
-10.797798281455233 
-2.708742241058298 
-2.215735924787971 
5.205294199287891 
-2.087431334489876 
1.619489913400555 
-1.978610664622567 
-3.099860282929368 
3.279351916270269 
-7.557260021567345 
-0.775764027324147 
-0.438922476604867 
0.907344240695238 
-0.351148752501272 
4.381036940962076 
0.673858224467704 
2.620652025565505 
-0.687822334468365 
-0.517507022297931 
8.654155344248034 
0.931308441061724 
5.719588696956635 
1.554731026816244 
-4.994479497894645 
-2.791506918060218 
-11.919685753685485 
-5.055052574305609 
-1.307954868301749 
0.322934038581355 
0.803378337994218 
1.927933854574714 
-3.521333942110507 
-7.721446145779730 
2.365409929353435 
-1.381038920953870 
-3.247934713489725 
2.871189771635947 
-4.112018888816237 
1.111138198524714 
-5.991379745304585 
5.915387207210449 
4.681741366162896 
-0.842766510498965 
4.106886856257915 
1.358668128275543 
-1.339084656430183 
-0.315582100301981 
1.244827037789316 
3.947134352286609 
-8.334678850873697 
-3.264890487709071 
8.354339461023185 
3.297297101813927 
-0.715783261179034 
-1.334169106953176 
5.002737354487181 
2.812408365309238 
0.407589092850685 
3.099386736088732 
1.333699068054557 
-4.738687815144658 
-4.088128041687665 
-1.662105124389948 
4.539338370105281 
-0.095079740509391 
5.594774007797241 
5.612210107967257 
2.322215085849166 
7.378193907864678 
7.313433941675227 
-5.036324780434370 
-7.908449800837195 
1.618550865011315 
-1.586291001994610 
1.453613575547934 
-8.193483044021711 
2.782305926817918 
0.243406187609011 
-0.689660493643370 
3.354208727217374 
-0.739174814222444 
2.951329667121172 
-2.687251747366592 
4.069295143708587 
4.585740242153406 
3.022110179518904 
-0.169436156749725 
3.042655789879868 
3.230933325346076 
0.578271082613746 
3.385505428987958 
6.577509428070770 
6.025963128658842 
0.533078567724658 
2.170482127078234 
1.413731266534407 
-3.267685917349109 
-2.359642121007932 
3.573499731159083 
3.431311952154182 
-5.046763792634010 
-2.222258573420564 
-4.992339657619596 
1.661260938271880 
8.561799494678770 
-3.582298800391833 
6.366549062829378 
-0.208966500525392 
-0.777129549894342 
4.164136042818427 
-5.540595935657620 
-7.736097059018959 
-4.257584023682965 
0.439280714839697 
2.721588387689742 
-0.185205202549696 
2.167533630295290 
6.301520089128324 
-4.440169842913747 
-5.754646463432358 
-12.952891107440863 
-0.513760601113320 
-8.851219771284285 
4.026337733553401 
-2.667749013483252 
2.310930477690199 
3.796671309904204 
5.690629595890641 
-9.946223456560979 
0.759283235296607 
1.692330748209372 
-1.183825856074691 
-6.506566511467099 
-4.659746631114839 
-5.664512477815151 
-3.103025638623340 
1.461942139699334 
-6.042362203821540 
-1.987001391331308 
-7.432285840277476 
1.455008113756776 
0.422170823439956 
-0.372427452355623 
-4.795091977649963 
0.357278808951378 
0.895842483267188 
-0.735416596140929 
5.205735385417938 
2.379059905147599 
6.433861711071071 
-7.979778052455374 
3.552511246428677 
-2.814776299129225 
-2.877674112646316 
-2.975482831499527 
-3.825415629441476 
0.398748209699988 
8.028530853690748 
0.415560671216728 
2.570481358096004 
-2.171103533491950 
6.130172171007810 
-0.519845863916434 
1.178482396528125 
-0.802537075227136 
-8.810691887196235 
1.372595814184672 
5.014651890887051 
-0.768606324596385 
-1.028755061328411 
-8.224806963681232 
-0.973346462408825 
1.359827476497779 
-0.812782085532904 
0.055186890065670 
0.599823154952624 
-2.919674852950614 
-0.750727640464902 
-0.206988025456667 
1.702564157912441 
0.238316278904676 
0.583068359058132 
1.600986074545924 
1.021711606884995 
-3.034818825061809 
4.676640752755924 
0.609784812647225 
2.472880310620516 
1.773691598328536 
-8.769366693152493 
-3.206170965723766 
5.459397016093135 
4.651039073243737 
-1.820721240714192 
-3.419145845631288 
-0.684648536768755 
-2.778341546474401 
-4.324864383786917 
-4.948446803537770 
3.074478552425379 
-2.204773878678679 
0.142343107610941 
-8.198291596576965 
-4.224919943138957 
-1.966044675471066 
-9.813215541718225 
-8.256490550629872 
-4.887001337483525 
0.651424556970596 
-3.383311210551827 
1.233540409598186 
-0.485457309009849 
-1.494208982214332 
1.543864533305168 
-2.832311578094959 
-3.540837830665648 
-8.260556401054293 
-1.239427804531740 
-7.325522925653869 
-7.249719437818279 
-3.713978658019592 
2.312957877293229 
1.132451510638161 
-1.339635300167759 
-5.327326541766524 
1.499391733400442 
0.280525930065508 
-5.782493579396156 
4.625789111480117 
1.362786082550883 
-6.053938504308462 
5.378387305711503 
6.254482413701580 
7.915306207757058 
-2.485733882870123 
-2.608717268332839 
6.399090588427866 
5.167598219588399 
4.771944658830762 
-0.120485455267483 
-0.880784614559325 
6.022613085806370 
-3.389650524244693 
-0.243170166388154 
3.275250117896421 
8.433010668182039 
-0.795491002320231 
-2.120637040585279 
-0.282640234744742 
-0.836818615151163 
0.372349819468896 
0.995660567561634 
2.407409114699709 
0.261138517103886 
-2.728134810924530 
2.813552500436698 
2.097460195422173 
-1.411458294838667 
-0.003259714692831 
-1.417984519898784 
-1.161535492281452 
5.315266896750039 
2.032814718824106 
5.207075759768486 
-0.659315784132918 
5.040850514330078 
3.322384409713838 
4.537018442526460 
3.234076634506453 
-3.765090574805328 
-6.416690662503242 
-5.207689592589673 
2.229958005280356 
-4.251314572989941 
0.184532022103667 
3.575679997850189 
2.817265120528775 
0.141510496367882 
-0.691050814714954 
-6.565351983532310 
2.092887404542426 
-8.032053659469970 
-6.266408437862992 
4.874437810259896 
0.883027179103783 
3.585458505352550 
-0.124144694882180 
2.143705672893432 
0.958772263672111 
-0.785086300904323 
2.094517408537648 
0.634476680095297 
7.687106281808250 
0.832685497689914 
-2.727463843300939 
0.692520149052143 
-6.416500205174088 
-0.172844380140305 
-1.005768484223658 
8.834920703345228 
-3.014935953976906 
-0.604698726382198 
-1.750746130181417 
3.505046853187759 
-2.654633460566401 
-2.104284123531251 
-1.080482371151447 
-4.028029624644951 
0.028075009584427 
-8.208615462834608 
-6.919639752003474 
-6.238234883174300 
-12.633587432213314 
-7.773874976683336 
4.691237356513739 
6.504902187612873 
-2.439143399133220 
0.261440698563229 
4.011091990396380 
2.482855243191926 
1.667918507631454 
4.924599612486841 
-4.463623285046802 
-4.767749153741422 
1.378856955096126 
-10.081950514062193 
1.704809759782977 
-0.407818086445332 
2.262342180802444 
-1.002463863563714 
-2.624025803065873 
-5.406220946460962 
5.530135605484247 
-1.092085605245360 
0.159989294240047 
-8.434195131686755 
-11.099283866132003 
-1.035114799063184 
-3.843137035741108 
2.027229967757858 
0.084426611661911 
-0.076997922733426 
-2.313157028015251 
-4.950851449523030 
-0.405600126832724 
5.026333138346672 
5.348911103026903 
-5.007795970886946 
7.982460056181384 
-4.656266480684280 
3.019127920269966 
-0.361557626131289 
6.897248910179200 
-0.544373085722327 
0.634830398406045 
2.345488453741304 
-1.409406885504723 
0.912336632970499 
2.824903456494212 
-0.457347817021530 
8.530095764566370 
1.491790605909680 
-2.345906152955809 
5.639220525130664 
-3.202941544989342 
8.171139396225614 
-4.068786637857556 
7.675953414947871 
0.375558848699304 
0.936325237154961 
-1.009555303525696 
8.382693780883399 
-1.195721808820963 
-4.045712200924754 
-2.373826164752245 
-2.215707997126001 
5.325837200507522 
-4.433942657352903 
-1.620373675599694 
1.453809878575532 
0.555320506915450 
1.813491053066040 
-0.970591588691358 
-2.408185959182427 
0.223334589973092 
-2.324685125022405 
-2.902858575806022 
-1.761013630777597 
-7.200865963473916 
-0.764950517565012 
0.253432707067605 
4.339501434937119 
-6.283279078081250 
-0.731835951186850 
2.997364504262805 
0.221347607672215 
1.067505504935980 
3.534513334721661 
2.791456258220142 
-4.135398172723667 
3.354909647641001 
-0.170301522379523 
2.317360259592533 
-6.387808710386518 
3.992845564993436 
9.025666077580471 
-0.388506284219654 
1.007168885040830 
1.128267630934715 
-1.718577653169632 
-1.649231011047959 
-2.384627660736442 
-1.946593108944155 
-0.407267922798486 
3.005132751354376 
6.631719749420881 
6.380523395008804 
1.917251612395708 
7.242653571851442 
-6.120055893436074 
-2.243191834047614 
4.093713987618685 
2.537709074093343 
0.660284595564008 
-0.917750089014245 
-0.075137658044696 
-5.460510735062231 
5.647889347746968 
0.719334149701551 
2.464385301652481 
0.252269098106421 
0.202832972630858 
2.987373494913092 
0.021993893762907 
-4.785648124292493 
1.685238638537744 
5.592058502137661 
2.859710769727826 
3.220703148724049 
2.572191996499896 
-4.329249247908592 
-3.922886460534338 
4.672026680782437 
6.003331912236163 
-0.295393192203239 
-2.003429180322728 
-4.575544815510511 
-6.596874155321900 
-2.905939654679692 
2.015686236494513 
-1.013226674892120 
3.017621943284365 
-1.451984085119992 
2.162360858172178 
3.493845655314312 
1.844695836305618 
-2.880185400649456 
-5.660345839336514 
-3.307936225238203 
2.793230861765059 
-8.614815227483717 
-0.050806794315577 
3.406621105968952 
-6.548171525821090 
1.201300483375347 
0.521740231662989 
4.010480486789548 
-1.241254376005532 
6.118858762120467 
-1.486533083021641 
6.387213477864861 
-0.715203869962508 
2.667819971375117 
11.553429356091099 
1.822894315326369 
5.587924164964591 
8.059199295039701 
1.331684895464539 
-4.342017158643451 
-0.224264574021907 
7.875082792714238 
1.141332522540512 
2.295602952364938 
4.313981365412474 
0.353506978601217 
-2.756904098405252 
-1.990339131827424 
3.299888597801328 
3.030226908624172 
-3.029270565473391 
-1.309642172825221 
2.532010763883591 
-10.018609962832272 
4.837347421795130 
-6.589066458866000 
3.752898910468081 
2.259708466797102 
-6.557368638471265 
-4.912459304556251 
6.514246555045247 
-5.765726441517472 
-0.686128629723996 
1.749123604071324 
-1.381921395659447 
-3.819254539341163 
1.898313531652093 
-1.488785699009895 
0.020279798869293 
1.840324309405661 
0.326800045275537 
1.215222712606192 
4.584346028044820 
6.378827241843300 
-3.327432485261641 
-5.468750329688191 
-6.963162545441793 
-2.280501181259751 
-9.038740991588551 
1.225107810641019 
-0.112261492758989 
5.048047944418681 
6.598625249886080 
-3.129885806513748 
-0.197521813160270 
4.678578913211823 
-8.202637158859035 
-1.450808571492537 
0.739442770670353 
2.773332206316629 
2.217273300472041 
-2.601175256099404 
-1.635077316313982 
5.082453077659011 
-3.860265474766493 
1.264346194954578 
0.962657861411572 
0.615699660032988 
-0.358943965286016 
1.163119677454233 
-0.958538820364350 
-2.997380308512181 
-3.790332273871810 
-4.262946907430887 
-7.256135702522433 
4.342390148166460 
0.886425169184804 
-1.096845739746799 
4.399353353306651 
1.082485220724754 
-3.547263059638354 
2.985070829162130 
1.319999666869739 
0.225844814972151 
-1.339297566363649 
5.726752912625670 
-3.992352663082983 
4.023878281936049 
-3.880898802661550 
1.657511906698346 
2.513028784154534 
-3.913445471297349 
2.072735395282507 
3.705872949959078 
5.242746513336897 
-6.023256694898009 
4.046660374850035 
-1.615032013505697 
0.902792995795608 
5.539436491206288 
3.242274627247003 
4.455357380211353 
-1.580366736277938 
2.072180128582541 
1.778300093631199 
-4.504274478182197 
1.968898829072714 
-3.480449638575397 
-1.372384921617192 
0.761688858495486 
-5.055380323901772 
-10.199732043780806 
-3.962054171235836 
3.222461263555640 
-0.428632199315576 
2.038375914585606 
0.847079759531663 
0.395729929714754 
6.488309728398904 
-1.111698286977633 
-1.721508589274494 
-1.693365188424274 
-0.826172964521543 
1.252416433814576 
1.740320906043053 
-1.083158687441090 
0.619168518616144 
-3.081547653876150 
0.065027322620153 
-2.336309868059338 
1.306425002619372 
-0.470719216696878 
-6.651871753856540 
-9.701573505360647 
-5.315172453767420 
-4.012869242578745 
5.589799041235430 
-2.405191021499629 
5.174032585695386 
-6.287276472020937 
-0.261280024424195 
-0.955543637275696 
-1.354723084835795 
-1.921045117786717 
2.556088050588272 
-1.261644596233964 
-3.483352437297347 
0.892945475023334 
-4.986506096676933 
-0.566726428152201 
1.001792535185814 
2.576010203607861 
-7.041890971362591 
0.902601853013039 
0.283677866682410 
0.777270265358638 
-3.237349937157475 
-2.319176480174065 
-1.935881645870758 
-0.647707540541887 
-1.475082282245529 
-1.795745972684811 
-11.178891808313910 
-3.095334004107876 
0.472562291740379 
1.895232014358044 
-3.617720420914637 
-1.784235037949534 
1.100246975106035 
-3.727679966673142 
2.465546501800418 
-6.334365803748369 
-2.651563282190475 
1.185742477860705 
1.273968441411853 
-1.154057945464691 
0.069023275949352 
-1.413596788421273 
3.169698858896925 
0.130372766954455 
6.699909498915076 
4.617534436285496 
9.958160172774813 
2.164758480540991 
2.852884925070672 
1.980772130191326 
1.756874403969894 
1.709377968586486 
0.688641849905252 
0.289570624393525 
1.447386797292378 
0.828022809790706 
-2.005890190066728 
3.278315713795655 
-2.034118570912629 
3.214328490527341 
5.357568522007756 
1.256900710985065 
-7.099048235696121 
-2.330490045058847 
-3.009640174924591 
-1.817797306925058 
0.287025496808790 
-1.022387282873378 
-4.161516893655062 
3.815785719962905 
0.038322735577822 
-0.707888005301356 
4.098398407921195 
-2.532906271159176 
1.983555348590016 
-10.880017246103680 
0.262305320657052 
-1.052635573439504 
3.101849370071067 
1.259724571033535 
1.820663751131596 
-3.280590383335948 
1.626368516558284 
0.633605167269707 
-9.225325850071137 
7.379074689688981 
2.314600324889845 
-3.244300915143720 
7.681035078101988 
-2.250233652070165 
-0.447001330308945 
-5.266284586247400 
-2.351988906272208 
7.023603489213961 
3.411372502151007 
0.732955746352673 
-2.037610732018948 
-0.140950273722410 
1.253508763387799 
-1.339173881769186 
5.166046196594834 
1.294654339857985 
-1.125924298539758 
0.550535334794120 
-3.550201845631447 
-0.658359373328690 
-2.409764016047120 
-1.170121878126947 
-5.650602839887142 
7.120544102120830 
-4.230122679844499 
5.887441354536395 
3.461598830297589 
4.035120001062751 
2.619830086997363 
1.968079352751374 
-3.191305948037476 
-0.177798660472035 
7.158563427936852 
2.384649979250852 
-5.835540083975654 
-4.212247820571065 
3.358285530795625 
3.135671539214515 
-0.525370652876033 
-3.882071113999210 
-3.301225180354486 
-2.638172618740573 
-1.096657208783965 
-8.574859948291385 
2.940028397366405 
1.756667506027606 
-3.161166288994430 
0.012376235891391 
-0.211153860750263 
-4.431634796783328 
-6.223375163972378 
-1.759266965308745 
0.390694456024450 
-0.348803606374736 
6.396188326179981 
-0.798906644806266 
0.570460902526975 
-4.321097072213888 
2.541110003367066 
3.403426893723909 
-0.102073265239596 
1.737576439583822 
-6.924261208623648 
6.142898770622671 
-5.860415289178491 
0.344080967828631 
3.996500413006382 
-2.322683464735746 
2.442921875044703 
1.848810238763690 
4.126927983015776 
0.622621691652251 
-3.724531727064173 
-10.680301677625218 
1.197330128990469 
-1.125570602524975 
-3.145974796265364 
4.501733446493745 
-4.516434621065855 
-1.807687653886710 
-4.567379752174020 
1.141591480001807 
6.700310507789254 
4.729230327531695 
0.849830519407988 
1.601440360921671 
4.976968605071306 
1.141880017872976 
3.544323349371552 
3.788136133753104 
-2.467794951798723 
2.386826537549496 
-0.660459766164422 
-1.909498345887627 
-3.040364671386161 
7.065749449655414 
1.952765244865462 
-1.846023088700449 
-1.624759472906590 
2.621521411763052 
3.796738581083355 
4.409327076748013 
4.822274200618267 
0.613145177012836 
0.608531827107072 
-0.558092433959246 
-3.689526080906743 
-0.711572019162942 
-5.100429667159915 
-2.572083611823498 
-3.275622665594584 
-6.524468821431705 
-1.882864164188504 
-2.255445044487715 
4.270299132913351 
-2.835232330051833 
-3.713883998025310 
3.743265660678341 
-5.982283163815737 
-4.135031398385763 
-1.100160586949999 
0.162079142406583 
-4.096817607060075 
11.819856022610303 
1.181886555300256 
-2.000743348281175 
6.461214089766145 
-1.533840870626783 
10.016891919372142 
-3.331145674991808 
3.929566363380330 
2.549170576035976 
-6.197026944445017 
7.471230746551695 
-3.301623341982872 
2.682845727073978 
0.786214799605691 
-1.057552150574413 
2.221708206264980 
-2.130336040405179 
-4.414352890397746 
-6.315803555771708 
0.476954978883352 
2.559690060819584 
-0.431632402301789 
-0.984153770939553 
-1.776978632435203 
2.836551619023858 
6.430679246123756 
7.427842206749978 
-2.101215028976458 
-2.856647496804120 
