191.5555438878752
148.89163055724
159.7505030651677
149.41759353023357
149.51288756270347
184.87457049403093
188.687112414104
183.7683191319205
181.61562376870677
151.39172116018574
205.49454215824284
190.17557581084378
178.43143401478278
173.34493821931363
201.65082137757318
156.0228334489024
176.983252911163
185.27850951450324
166.3660705040049
154.0794379175975
139.00540638319956
156.16239893838315
180.55546594676068
196.19910580440802
187.01301641069398
159.5263864566423
193.84171309591466
153.93553613174356
156.03277489724874
184.62509717975112
142.08877643205338
151.07506869408616
150.17648240405103
152.3547646111156
181.64214002660904
164.02026199986028
165.8719482550979
178.59479527650603
176.0931258423166
146.23367400695344
186.51704006430518
161.30686068796194
176.78754308667004
179.45260369748232
195.13360691314753
167.33650785247326
177.8591654203809
185.15144116342998
190.6233257112971
165.9900508301547
167.40990971864866
161.95207155878344
179.43408148421543
197.77182293248603
168.52767438510955
154.1115577203918
169.91099200352534
193.54990070049206
191.9753392414843
175.64900826960712
178.41254019384118
181.2753355782996
182.5816162881731
160.08447982388174
183.91323951145836
156.95662744591073
199.23603526079566
154.72672907934762
163.7737541602216
181.82382018940976
165.61036830169073
154.20144411639927
188.36142225918044
178.6656776664881
155.5034923715134
168.51247316243342
164.53115345712627
186.8309840490382
188.76029658831584
189.94333093144655
178.47371221092743
197.5215210098977
197.2006971801432
161.85540022185816
162.70288986678293
170.9778001389578
194.28311956915587
186.72324588734506
171.38856649027466
183.44572192306757
178.95044249013344
197.55108624883388
178.33571065216296
178.78081090399135
191.23827993332824
176.1344992936174
180.37805832349133
186.7822515383652
183.48502318817762
157.2454849767001
180.75637062963463
194.4374518528774
183.5022073912563
185.16051088532421
189.08472060998892
157.15457492641846
190.94060663791745
181.4890446078768
155.49875156753654
186.54077017077205
172.5688666868443
150.25768467729452
187.03877323809593
159.48282577631633
187.329416303098
152.88111138872563
186.83543896892982
190.55831633658784
194.9538739407253
190.16396336287653
176.19513443555775
193.16292701079345
154.5143553579013
185.8806832646152
180.72032054796546
178.0649739825923
189.32598211485947
151.49445101605173
189.3022569900929
192.28259715496765
176.81887025784746
190.21105536079386
172.63242237631852
157.3665120394192
188.7007627582223
180.95758762758496
184.84183941113085
162.53835804995776
146.6023476939293
150.3565399082986
171.01629608119376
176.97822031287748
195.11169420320473
185.71266015223503
160.02485759798245
191.60705001726018
188.73345308982857
145.65051140080263
157.11100037959213
153.87183128077112
159.336478747031
181.6199595115318
163.8076680317429
176.52767061678438
161.0623280045087
178.5593014718108
151.77666606328424
168.092413991524
187.8296952858909
190.98107254792654
152.059764357576
155.87795766640332
189.7276899775663
164.03591185384576
181.09130469371647
196.70739926246057
184.3438517019754
152.57911732914235
184.5998996541592
180.64418438761052
159.06954704900485
158.93931552822485
183.59389649839525
202.31994808326846
164.75311007520182
154.43157118870647
176.87632242711925
188.54748070405995
147.05094410512027
157.6365678129876
157.84297165391524
182.95597720310408
187.6094281329559
156.78684314242977
163.64697786867677
187.64315444190535
203.17266172669116
154.21470632067164
177.55388581629347
148.01214702854264
154.04446775297293
149.15934033084642
163.84158974082413
189.34145695624582
185.8605961636985
155.13109794118571
161.3692835685779
176.4218060076239
178.93773638487147
153.09674157573966
179.39913387490688
180.0818036637032
141.39609748354658
205.30021392489908
175.3917490126621
146.3419796080411
150.64085194102503
189.44185144784768
180.5367095606446
158.43601178589265
156.56371082538462
147.70738070822176
185.52516902725586
143.29116254136727
151.83453020384135
169.05352843164349
188.4004903645917
206.92385076742602
175.55408012838336
184.89926649148606
179.18416629734435
182.87807804789728
141.84766838156264
190.467786510899
178.5961479109604
197.15868362257498
156.05744404058672
189.12302700882725
151.58755587173994
154.76882582217846
179.3518821295105
194.57873841142438
141.41579348709536
185.78843720203855
171.00567706686255
197.69589596147364
142.8480315029413
150.74981492836451
160.3135662504288
149.3863176540206
148.90660189553938
192.34031592782304
179.79765727296547
154.80979318224783
197.62951353255875
178.68793861080056
143.28072308818656
158.29644831962315
166.6855221121379
193.45579117985042
177.39053473153163
146.80540001234633
182.4596128364521
139.8507744308157
194.95115897270108
175.32093564457372
198.82433177368455
197.13497219697342
191.06497799465154
168.4888748754259
155.1539825358476
148.39026546567158
167.5158867173192
186.2804502521975
175.37337010238727
178.8863608898447
167.71840552978838
197.43761966823547
151.6722757073776
161.3550382761615
152.4504402864276
157.55633752978827
194.52731941072165
156.24671257880604
187.94748258114765
152.17049686806678
166.66909436487163
179.60366674957024
160.00439612289432
154.07598330752737
159.89384472016314
188.9606519488065
182.72222574671298
152.9648184655961
182.8707899001625
182.98868147195554
158.7031038154099
177.45173886346652
169.9243353629868
155.38732935141678
185.84276635783502
180.1656435924275
172.79615013708235
156.81842339718048
187.1205701367574
182.94569737176374
147.40467641185577
175.35986913164442
178.90855452615602
186.24119487044536
148.49572310007963
149.74923958658258
154.90081540214774
184.60529201511085
150.78928236206232
183.003274102978
190.51425051869418
146.22576766836266
180.8548436591518
188.57087034478482
168.18718819958195
146.95067614615735
189.3409192906109
144.4468259163244
181.14413224942578
158.7572193309254
181.59264426342085
185.51725739787904
193.4978090831625
191.1885953536136
196.80142998868877
161.36858709709867
155.15115566130103
166.32082484180447
158.58605630819815
184.28575388215847
157.66961100438795
181.61057175507617
190.7485048425108
172.17359215256536
157.79751788854603
173.20200892722917
184.1730186239344
182.28732978446936
149.51929775405125
154.7137288285845
155.4046444723665
137.08567176723386
196.13848832296154
173.89708917055333
153.22221884233463
193.81087003434803
191.1166411918962
148.0663162607806
161.2176031875273
192.9776552997367
163.9405733862391
177.7759885354521
144.73703771481004
153.0408581278111
155.81699956462427
160.69629551109364
181.6427304390995
187.03212586048247
191.6814052243269
196.6962260302921
148.5190974123086
159.12189851885472
177.91740255204147
150.1281376999125
148.90917501473058
181.03738171356216
185.32441807492017
187.86391375455025
155.70603496300302
157.2363601755029
169.14140524053033
198.61050467787462
187.46712202117234
181.82006540426923
152.78945986871958
177.14672478665184
156.5638469061813
179.84851133790713
187.76193727990344
160.26091557775007
173.91700420846695
150.30133848296228
155.04784340726624
159.29150671231469
170.34045325664587
158.60062291727164
187.0154279978838
187.74277499356893
175.52873294038542
162.33413131419326
148.02202003549772
168.11872437176575
168.17533373165566
151.952511334483
158.05401415498054
144.89537855952273
178.8887220203927
152.7997078436821
159.13787618098488
174.51342127779395
146.00415798200996
160.6034588410534
183.27216428571856
180.12516469548254
155.07223192845234
144.86155544302417
189.07980171539106
184.61550360279855
147.7501368425351
150.30869239983394
153.6474977159013
155.68066460181586
162.93793032090417
170.17424902022364
181.01807099782883
186.8903161167196
175.13225155383333
164.75234122379715
148.93837743012796
187.6275890497191
180.5298688455325
193.97374002316383
169.8871540510927
192.21717990916673
148.08541507866087
205.031737158901
198.06157869143922
191.6857333364437
156.37546228744714
161.78857885392682
134.14613037260918
142.37378256704326
158.89412624497055
194.42649399405954
199.8322063513555
177.27752330899241
149.4407863251677
155.7211279770253
189.80674898800984
175.7731547109388
176.07323822271013
180.3050694372096
188.27374785156073
176.49943261235572
194.80445814830264
189.920660141151
182.09934725003504
162.42733065970404
184.42865659961402
184.5472832113593
160.3171304132631
184.7530141302769
166.38001813489598
200.6503141206601
149.90907673273745
207.25411472666266
185.5866328978274
189.0452243815024
175.99711748369367
166.5456436799217
151.65292789574002
149.11137556435236
154.79413340755872
178.42674716112268
184.58452126886536
181.82386106789818
181.45866802818202
183.66129065343824
186.99470855116215
167.57490498909362
149.52634957923954
144.96808165823072
183.64384790807958
194.5707841707836
170.1843540821672
159.04148569932352
165.34827556776796
178.8792586607155
179.77462325141732
145.27201455233902
182.89358701302618
195.15711986131492
194.01056597402538
187.1787654194504
196.5130408438298
143.60356121262703
181.07050468453156
162.56146384648716
192.14688592835594
189.20625950242896
154.0314282533321
196.2303808353593
194.72621938593622
159.01045156981007
181.1490262825811
160.8791756030974
185.21160481407915
181.9959786447615
166.22547922789465
161.4398402236189
195.08606941784137
187.09986363341397
179.9437084320611
197.61079658934682
174.2492736726086
155.95982819125015
157.5497614005387
154.51124051803313
184.42944253658624
193.57928072150207
163.16843954802331
184.67945561311862
179.92271920908317
154.3430882033178
157.7311033183086
171.46524477797766
192.17397594112145
192.43012800998073
154.7599368472185
151.53302292944616
176.35713377544832
189.08207139491734
162.50220785005936
143.43227909095887
184.58503456822362
152.7143278345685
196.66821809652498
169.12095223654688
185.0279235660833
184.66413537484397
187.9530907543578
181.82138601225515
188.8374710170266
150.4507305743077
160.25731124814288
145.00946179903568
188.5792156617262
167.41412594560774
185.903492982
188.35843282920706
179.45930427251116
162.80676901987778
176.10144146571164
185.27959061388268
185.5215060745902
144.64516809536374
142.23225714377054
183.87839159858729
148.65271342451146
152.96319219789635
179.27410129846234
153.60583694062595
193.92083441521518
157.07456201107948
159.68526980640328
190.74762021113594
151.9664238148652
149.2823324301995
192.47520784706035
185.04118190482137
154.24835971522023
180.1969787963581
193.30719211970364
182.19613333004506
139.99182612311546
159.1450397478934
188.20739046875937
177.45936704456903
181.01029810499952
161.96891382413065
145.3617203111543
154.48175955327838
186.44620922867287
159.49926519963972
161.6170797751301
193.4620593390618
151.60227781063125
173.75832470491866
158.00120010226337
158.10179083875715
166.2162434302261
180.93117908765188
182.04685015600117
186.47716527947532
159.32656027894856
193.32762049660644
198.77142315509678
160.6460797942249
143.7176074105231
193.35905574481345
158.60649432900308
152.37148726956713
161.55824786291828
161.758197022354
149.17498517074813
189.01577840974187
156.15951773605286
180.81467364854953
155.92002326716855
192.57835404074137
187.7070421870588
151.36317414701386
183.95406426764305
179.2190984832398
151.2441811477223
171.3181235137858
178.182562792874
190.90893164271523
184.5697060259302
184.1154328977296
152.9681675722246
179.53947996327966
198.26111564987855
156.01752474464735
194.84806358072686
197.8681105948685
149.30866855055754
197.64622064417534
148.2357609426214
150.32815349151406
195.1260965597836
173.35017511233508
184.63583063840483
176.86939989510574
181.77998008464948
149.97454960114393
164.55260359764844
188.64127891554006
183.22913686121893
158.27890476152444
191.3580366737945
184.69332042476123
179.95086315049204
167.70022133115785
185.7726793882468
152.25133360635084
183.6152453033552
163.38687425849193
156.18090245795733
182.51690411404354
193.40090542563533
166.73044057844226
192.0386301028102
161.27704899673833
147.71828012971656
179.3198962412715
181.07801816801418
154.3635775215869
181.56810126863115
178.91784388318038
182.42723989482056
193.84852173666803
189.36068584121435
194.72840361659513
189.62813462481583
202.61032023370205
196.2899094563773
193.91548493114763
177.2445136609428
171.82688958321071
160.77783126784382
181.397669041609
183.44208915868967
182.7495509063926
186.41479343682744
187.70358765826361
166.16557755728851
202.3897352645518
202.11923008737298
152.6386944896261
164.06030736706063
155.78099180231507
182.7403767259626
166.86418091735007
180.45520013477324
179.52661687426686
196.71993161358907
189.56286698773198
179.227886594594
185.3219069902933
151.35953298303554
170.0741336564176
196.7221318877054
178.3059805007997
140.43939340966162
150.2472864650653
184.89823507626417
145.2115203167431
157.77828846064173
167.72151867277975
179.04763804819248
186.52876513104385
154.90952385507205
191.88648068921785
141.43902844412736
181.26566001967018
182.29792731822477
179.59821722237302
200.6938471378914
184.77788927503175
175.24757196307087
188.98371720217708
189.01941909121314
182.46130588097571
188.58859187078448
191.06848717580564
148.5692603316843
154.73612674060664
178.89471993337088
161.24978377708962
156.99547906592463
183.71151229504179
187.7189404127331
192.94577037924955
183.4238776238023
176.33338861172248
183.79548537249443
189.637829589816
158.40531739619368
160.80056402204022
155.15080196942898
155.6268377908986
163.16492491103577
147.69323324592682
181.56767908550998
163.59370786457671
183.27320747320778
181.1456336495949
151.95076384074193
164.49409965292972
184.6094098493403
190.94404916992892
162.51158145752572
184.79546883197952
186.88368189235877
197.07378654700364
186.02177635076612
186.20607966476615
177.8183342016953
199.47270263654605
167.63181805032144
155.23452129089853
161.4699424520853
182.88961346991601
155.45894329847454
173.28486684180615
176.02629788585634
181.7767619780625
157.82692410625947
177.35974474468077
162.05514937881088
153.10196213751806
190.61422606876698
169.51303574146166
156.92870737625697
176.26399292035052
179.14366968724372
184.4124200845392
144.46287380084786
176.89422284500318
184.3635513456198
163.05135551798162
150.58584065970186
183.2402401725818
195.82555471405257
176.5368740122009
167.26236560446907
195.218085962223
189.70023539235532
194.78199351418584
177.15994554673884
152.68935406813873
196.09170585693474
195.95632437004065
182.28516913928271
153.09355316835612
157.5750911576749
166.1371084119743
185.62744098341773
159.26978083674393
182.02418673623345
150.31950547921838
163.9987500304908
155.916974623911
186.77196878749257
152.6720516826772
151.75453897445357
177.56070351136015
172.71364872962783
158.06760456519882
169.89771046317392
156.80904780730478
141.2806647066177
154.88559889905815
199.16121362918187
150.66512697163378
182.1765901559804
192.25906940100066
165.68118445685073
153.81567398195594
197.94576168579545
185.94738535763327
158.03867980805404
160.15538568150137
155.0929774201721
191.6036486441372
160.24301663865032
160.88727433613468
172.96972660326068
168.21015393296548
154.228722595988
150.120537766677
136.90466131477015
191.1926402416687
187.9687309999559
177.41570975956623
181.44068654706538
181.9103887372654
151.168961532034
147.21934785501375
192.34240373790703
153.98959513762819
191.32941848062708
158.98758033439307
154.10442615281283
194.83862641282764
147.8272315471651
156.6350565205456
180.29511612165672
184.20286916872308
176.57462751654668
167.62487393699232
191.32236972535125
173.9735089498832
197.61951131471164
165.79851777394373
150.13952563463735
185.10254606183491
192.20009989103613
189.7218676888865
166.33332164854454
160.1687532674162
161.46158466379387
150.09540524803532
169.75763433738197
159.7422001656636
170.2331763311491
181.69484972772426
176.71085198331332
189.54681472919614
180.26589485459752
171.14930150292295
146.172625786993
196.47759723497734
160.00974751983696
190.58846201284948
168.61414196787806
189.78817432906794
144.25417932153582
189.5740851384152
159.52849961107563
142.44171189967952
154.60794613873597
162.33082624183916
197.90766258801284
159.3881046483348
186.82936168144448
193.169633348348
190.12794945884391
177.7856320806027
194.42507611291916
179.95213315162724
192.56068975454235
186.00129176791452
184.02180955442367
189.00360408828436
183.03710804997596
178.4661301149794
195.10257651321012
173.69950215616063
155.84398316314537
155.12627832555094
188.79535263559245
162.68146601402344
184.14525096637595
162.17521938204698
182.6713471125576
177.49773957877264
193.49519954013246
154.93843804008714
183.07539993047644
178.0656009012873
174.47748288306394
157.95330146954848
140.04218571483798
193.87101649143565
182.23504146538184
202.03758000147542
158.84270681568498
188.3389492463018
189.72235572481125
171.46621285007956
175.68692702066815
197.14809822604462
185.9432874959621
166.7127047128684
158.04366142113236
196.342587495
177.75654672800323
188.66254880038088
177.74441509902306
186.682487078269
152.7493249870344
163.37766525692098
159.9248696956403
153.9903361921112
183.09539869017902
181.03296995637152
185.16618548053043
146.8770332516245
179.28611206617765
159.72635301169362
181.1038236578758
181.06197777066157
187.35611802813017
197.39853207783085
169.56051254866708
181.4096231358852
149.38231206170158
184.88321657858802
185.48582153840655
190.59480115190578
154.00868845326625
153.95186185352702
178.39296745136582
146.28412263379366
153.4992313637673
165.2528422717631
156.03347059563615
160.03402651634525
184.35812366527105
191.4474375100021
190.88138182067527
163.95054101894692
192.28466329616228
163.34982917408792
143.6673268286371
188.52713854157665
186.6706610963002
188.960558287442
181.44239448393353
187.62293403390646
175.7685885612433
178.32421621195203
175.2993836778843
178.54659244833505
153.5471827530821
174.22240988662693
194.1466358761346
186.47030963545282
151.63305812994068
188.17896800371713
196.1734579050008
180.7102465624439
189.56430899899166
193.45203732837936
174.13864809255918
151.53327302586928
145.98643743834916
178.4833332437909
185.4274927549109
157.43103524593616
148.90215224808463
151.8216319410271
173.0538994617299
179.97485387259246
193.354842258574
179.08146965025526
187.7316174615172
174.1707639459803
151.23601997572905
182.64800860938334
189.69569027563364
182.23577106274894
180.2445608803642
175.28843780795987
182.80465094934385
163.12857958399593
156.7902169739568
184.39789993151732
186.3376722543535
152.84416525963775
188.93643778173723
149.43981733690953
197.4846344105278
178.49610208749334
193.35312204066065
173.79952695862593
177.63595081151848
195.11804986971254
158.6709136244928
187.2361110101175
159.43208373700617
181.31837464919454
